1 1833
2 97
2 1561
2 3100
3 2679
3 3715
3 3768
3 3892
4 1892
4 3624
5 3089
6 1557
6 1908
6 2412
6 3783
6 3980
11 495
11 975
13 3117
14 1135
14 1727
14 1879
14 2407
16 236
16 3224
20 493
20 824
20 2030
20 3540
21 263
21 1081
21 2025
21 2351
21 2534
21 2674
21 2874
21 3291
21 3405
23 794
23 2422
24 2354
26 2182
27 632
28 493
28 1081
28 1886
28 2916
28 2965
28 3540
29 166
29 1984
30 445
30 459
30 1310
30 1819
30 2652
36 72
36 1711
37 1610
37 3614
38 115
38 567
38 1208
38 1470
39 2056
40 1854
42 1387
42 3632
44 288
44 347
44 1556
44 1964
47 216
48 1567
48 3889
52 2834
53 1374
53 2140
54 376
54 696
54 2393
54 3204
56 3218
57 3304
58 678
58 3457
59 142
59 1915
61 401
61 644
66 631
68 470
68 1161
68 1557
68 2173
68 2175
68 2282
68 2766
68 3020
68 3460
68 3650
68 3923
69 930
69 1490
71 2275
72 36
72 259
72 368
72 541
72 588
72 684
72 903
72 1095
72 1107
72 1270
72 1520
72 1711
72 1721
72 2208
72 2469
72 3410
72 3651
72 3654
72 3655
72 3681
72 3928
72 4005
73 3289
74 185
77 2431
78 2421
79 185
79 200
79 395
79 476
79 595
79 615
79 756
79 917
79 927
79 949
79 1005
79 1350
79 1665
79 1706
79 1793
79 2239
79 2246
79 2365
79 2467
79 2730
79 2951
79 2955
79 3263
79 3489
80 82
82 80
82 292
82 1333
82 1816
83 3545
84 1468
85 3664
87 3250
87 3715
88 361
88 1099
88 1621
88 1678
88 3219
89 516
90 2099
90 2699
91 1678
91 2041
91 2345
93 1678
93 2449
93 2575
94 3282
94 3710
95 2799
96 824
96 1567
96 1905
96 3045
96 3661
97 2
97 1561
97 3100
97 3190
98 1905
99 2092
99 2719
100 339
100 3869
103 1497
103 1826
103 2505
103 2604
103 3349
107 1656
107 1834
107 2020
108 2323
110 1066
110 1605
115 38
115 1208
115 1470
116 3800
116 3934
118 3530
119 3939
120 1213
123 1844
123 3416
127 3723
128 2942
128 3352
129 3018
135 138
135 992
135 1031
136 808
136 1237
136 2847
136 3025
136 3302
136 3701
137 421
137 977
137 3271
138 135
138 966
138 1031
138 1276
138 2232
138 3121
138 3748
138 3848
140 2099
140 3108
140 3406
142 59
142 1915
145 2116
145 3070
146 967
146 1167
146 2081
146 2163
147 2554
148 206
148 288
148 392
148 443
148 470
148 597
148 849
148 973
148 1270
148 1382
148 1587
148 1703
148 1823
148 2071
148 2950
148 3020
148 3028
148 3207
148 3688
148 3838
148 3854
148 4003
150 1908
151 1441
152 541
152 1414
153 1617
153 1938
155 3029
158 492
158 585
160 3881
162 836
163 827
163 1071
163 1732
163 2093
163 3903
164 239
164 3329
165 795
166 29
167 763
167 2700
167 3382
168 1744
168 3074
171 3830
172 671
172 1355
172 3561
173 2482
174 2471
176 2950
177 470
177 3470
180 1297
181 1499
182 2728
184 1590
185 74
185 79
185 200
185 479
185 960
185 1005
185 1081
185 1099
185 1431
185 2168
185 2396
185 2636
185 2796
185 2799
187 794
189 2128
190 2340
192 320
192 1293
192 1761
192 2220
193 1715
193 2380
193 3735
194 1112
194 3516
195 1339
195 2319
199 1761
200 79
200 185
200 257
200 303
200 454
200 652
200 688
200 750
200 927
200 1081
200 1228
200 1575
200 1636
200 1678
200 2037
200 2160
200 2432
200 2870
200 2917
200 2965
200 3089
200 3110
200 3271
200 3397
200 3661
201 587
201 807
201 1023
201 1131
201 1764
201 2579
201 2874
201 3539
201 3601
205 2013
206 148
206 1227
206 2022
206 2149
206 2267
206 2494
206 2533
206 2770
206 2802
206 3028
206 3327
206 3344
206 3387
206 3583
206 3751
206 3972
206 4003
209 454
209 543
209 2322
209 3362
209 3601
210 874
210 879
210 962
210 1585
210 3048
210 3615
212 2832
212 3486
213 1499
213 2360
214 1106
214 2424
215 859
215 2006
216 47
218 3537
219 485
219 880
219 3089
220 1161
220 1557
220 2175
220 3020
220 3923
221 1724
221 2931
222 1714
224 1347
225 3676
226 1824
226 2124
226 2235
226 3128
227 311
227 539
227 540
227 2506
227 2869
228 2773
229 1248
229 3504
231 3457
233 1151
233 3166
236 16
236 2158
236 3224
239 164
239 1665
239 3799
241 2436
241 2681
242 393
242 1322
242 3375
243 1499
244 267
244 3983
245 1286
245 2202
245 4055
246 479
247 3578
251 1597
251 3138
252 1254
252 3168
252 3738
253 2956
254 1564
255 1922
257 200
257 1351
257 1575
259 72
259 903
259 3654
260 3265
260 3960
262 1181
263 21
263 3405
263 3918
264 1985
264 3075
267 244
268 809
268 979
268 1651
268 1779
268 2376
268 3362
268 3594
270 1811
270 3019
271 2093
273 637
273 2467
274 654
274 1322
274 1597
274 2424
274 2549
275 464
275 3218
275 3399
277 817
277 932
277 1426
277 1905
277 3616
277 3751
278 1161
278 2673
278 3456
279 1751
280 1919
280 3764
282 1926
282 2351
282 3042
283 1686
283 1826
283 2657
285 1405
285 1444
287 1480
288 44
288 148
288 710
288 1012
288 1556
288 2609
288 3362
288 3688
288 3691
288 3749
289 792
292 82
292 1333
292 1816
292 2082
295 1994
298 2019
298 2727
299 2240
299 3457
300 1260
300 2852
300 3659
301 1527
301 2727
301 3828
302 522
302 3357
303 200
303 1575
303 2160
303 2965
303 3164
303 3397
304 1149
304 3355
306 1083
308 2323
309 2630
311 227
311 3155
313 1059
313 1065
313 2116
313 2364
314 3618
315 495
315 1112
315 2465
315 2597
315 2962
316 1520
317 464
318 1252
320 192
320 1293
320 2220
321 1724
322 3249
322 4011
323 1000
323 2029
323 3081
326 591
326 1214
326 1444
326 2381
327 697
327 1322
328 833
328 1105
328 1250
328 1640
328 3912
329 3025
329 3562
330 856
330 1048
330 1313
330 2637
330 2690
330 2850
330 3071
330 3163
330 3960
331 1205
331 1548
333 3678
334 470
334 1549
334 3044
337 1818
337 2402
337 2696
337 3101
337 3457
337 3490
337 3705
339 100
339 1902
339 2898
339 3869
341 2667
342 821
342 1306
342 1750
344 1530
344 3874
346 1588
347 44
350 1007
351 741
352 2312
356 752
356 3110
357 1675
357 2610
358 947
358 3362
360 802
360 2566
361 88
361 1099
361 1678
362 2401
362 2969
362 2984
364 949
364 2028
367 981
368 72
369 820
369 830
369 1119
369 2294
369 3024
369 3089
369 3629
371 3615
374 625
374 1988
374 3969
375 1099
375 3877
376 54
376 794
376 1739
376 3646
377 2465
379 1783
379 2476
379 2520
379 3616
379 3904
383 1895
385 1647
385 2813
385 2950
385 3102
385 3498
385 3842
386 753
386 3288
388 1789
389 2412
390 693
390 780
390 1467
390 2091
390 2431
391 824
391 1621
391 1905
391 3012
392 148
392 587
392 736
392 752
392 777
392 1466
392 1719
392 2681
392 2703
392 2950
392 2997
392 3365
392 3742
392 3854
392 3982
392 4002
393 242
393 683
394 3253
395 79
395 534
395 831
395 976
395 1698
395 1897
395 2093
395 3661
395 3841
396 1040
398 1706
398 1823
400 2110
400 3453
401 61
401 644
403 470
404 701
404 2955
405 479
405 4013
406 3016
412 727
413 553
415 1623
415 3728
416 2260
417 2579
417 3189
419 3457
420 1041
420 2066
421 137
421 977
421 2829
425 743
426 1627
426 2131
426 2286
426 3644
427 1104
427 1738
427 2029
427 3291
427 3515
429 1032
430 1557
430 2753
431 894
433 1977
434 1263
434 2298
434 2936
436 2950
437 1048
437 2720
439 1092
440 589
440 3082
441 806
441 1549
441 3044
441 3124
443 148
444 1678
444 1853
444 2796
445 30
445 832
445 1306
445 2376
445 2863
445 3904
446 1341
447 546
447 4026
450 3130
451 452
451 1048
451 2310
452 451
452 1048
452 2310
452 2694
452 2720
453 1138
454 200
454 209
459 30
459 1060
459 1819
459 2652
461 1811
461 2510
462 2597
464 275
464 317
464 1331
464 2646
464 3138
464 3218
464 3399
464 3435
465 1203
465 1811
465 2693
466 470
466 1193
466 3644
469 2131
470 68
470 148
470 177
470 334
470 403
470 466
470 634
470 751
470 984
470 1046
470 1161
470 1184
470 1193
470 1549
470 1557
470 1829
470 2051
470 2173
470 2175
470 2233
470 2282
470 2694
470 2766
470 2795
470 3020
470 3044
470 3142
470 3402
470 3460
470 3470
470 3576
470 3638
470 3644
470 3650
470 3682
472 1120
472 2250
474 1409
475 2716
475 3190
475 3615
475 3959
476 79
476 932
476 1665
476 1905
476 3061
476 3454
476 3873
477 1108
479 185
479 246
479 405
479 493
479 546
479 559
479 837
479 1431
479 1440
479 1740
479 1846
479 2298
479 3095
479 3484
479 3508
480 645
481 1066
481 1252
481 2479
481 2864
481 3281
481 3376
481 3991
482 1856
483 3013
485 219
487 552
488 2279
489 1110
491 1875
492 158
492 585
493 20
493 28
493 479
493 502
493 546
493 824
493 1431
493 1886
493 1990
493 3995
494 2880
495 11
495 315
495 1668
495 1678
495 2465
495 2597
495 3362
496 1585
496 1836
499 3680
500 3867
502 493
502 681
502 824
502 831
502 1990
502 2872
505 1224
505 3000
507 752
507 1850
507 2708
507 2820
507 3055
507 3982
511 2098
511 3373
514 3824
516 89
517 1123
517 2581
518 988
518 1298
518 2645
521 2151
522 302
522 2307
525 696
525 2591
525 3204
525 3340
525 3586
528 2054
530 3475
531 994
531 1363
532 781
532 1403
532 1413
534 395
534 1450
534 2201
537 828
537 2170
539 227
539 2506
540 227
540 2869
541 72
541 152
541 1414
541 1620
541 2116
541 2737
542 1879
542 2892
542 3256
542 3540
542 3615
542 3915
543 209
545 1811
546 447
546 479
546 493
546 721
546 752
546 912
546 917
546 979
546 1040
546 1148
546 1685
546 1886
546 1904
546 2194
546 2452
546 2628
546 2955
546 3062
546 3189
546 3362
546 3365
546 3439
546 3441
546 3475
546 3745
546 3751
546 3888
546 3995
546 4026
547 1643
548 763
548 3066
549 794
550 2236
552 487
552 816
552 1439
552 1470
552 1523
552 1656
552 1778
552 1953
552 2020
552 2070
552 2257
552 2599
552 3370
552 3457
552 3574
553 413
554 1497
555 821
555 1046
555 2274
555 2701
555 2857
555 2950
555 3394
555 3681
559 479
559 1263
559 3437
562 815
562 3334
563 2470
563 3866
564 3847
565 3566
565 4011
566 2425
567 38
567 1208
567 2599
570 3203
573 1099
573 3497
577 666
577 1183
578 3023
581 3509
582 1754
582 1963
582 2342
584 2886
585 158
585 492
587 201
587 392
587 639
587 832
587 874
587 1023
587 1585
587 1660
587 1670
587 1814
587 2103
587 2816
587 2863
587 2874
587 2997
587 3048
587 3207
587 3362
588 72
588 1107
589 440
589 1178
589 3702
589 3807
590 2622
591 326
591 1444
591 2381
591 2738
595 79
595 1099
597 148
597 973
597 2694
597 3020
598 2802
599 1262
599 3031
602 3943
603 1943
604 1412
606 1857
606 2143
606 2985
607 1051
610 2086
612 846
612 1554
612 1903
612 2018
613 1562
613 1865
613 3225
614 668
614 2518
614 3436
615 79
615 2238
615 2452
615 2724
615 3540
617 982
617 1559
619 3339
620 1585
621 2101
625 374
625 1988
625 3969
630 1336
631 66
632 27
632 3577
632 3638
634 470
634 1829
634 3576
636 2857
636 3637
636 3681
637 273
637 2467
639 587
639 742
639 874
639 1939
639 3048
639 3615
641 1440
641 2298
644 61
644 401
644 3604
645 480
645 827
645 917
645 3419
646 910
646 1953
646 2889
646 3161
648 666
651 1553
651 1554
652 200
652 3089
654 274
655 2963
656 2410
657 832
657 3362
658 1163
658 2929
660 2036
661 1475
663 1875
666 577
666 648
666 1462
666 2213
666 2908
666 3362
666 3904
668 614
668 2245
669 2250
671 172
671 1969
671 3192
671 3561
672 1048
672 2500
674 2294
676 837
676 2149
676 2199
678 58
680 1484
680 2515
681 502
683 393
684 72
684 2208
684 3820
685 1249
685 3647
688 200
690 1836
691 1352
693 390
693 1328
693 1811
693 2900
693 3187
694 1659
696 54
696 525
696 1772
696 3204
696 3340
697 327
697 1246
698 893
698 3322
699 3053
701 404
706 2770
710 288
710 1166
710 1415
710 2333
710 2672
710 3362
710 3457
710 3597
710 4048
711 1490
711 1533
712 969
715 2129
716 1005
716 3866
717 1125
717 1572
719 1806
721 546
721 2641
721 2955
721 3189
721 3803
721 3924
722 1945
723 3465
724 2700
725 1263
726 1108
726 1678
726 3878
727 412
727 1630
727 3266
727 3826
727 3930
728 2398
730 3082
732 3292
734 1561
735 1602
736 392
737 3831
739 877
739 3253
739 3381
740 3835
741 351
741 1020
741 1958
741 2198
741 2523
742 639
742 3615
742 3781
743 425
743 1697
743 2613
744 794
744 886
745 2562
746 1129
748 4042
749 2405
750 200
750 2870
750 2951
750 3271
750 3540
750 3634
751 470
752 356
752 392
752 507
752 546
752 1148
752 1365
752 1585
752 1850
752 2118
752 2681
752 2703
752 2708
752 2820
752 3055
752 3982
752 4002
753 386
753 3197
753 3288
756 79
757 1021
757 2309
759 2457
763 167
763 548
763 1857
764 790
766 2383
767 4050
768 3130
770 2345
770 3256
774 1485
775 3021
776 3659
777 392
777 1719
777 2184
778 3638
779 870
779 1975
779 2844
780 390
780 2569
780 3362
780 4019
781 532
782 1031
782 3522
784 997
784 1823
785 1808
785 2309
785 3206
789 807
789 2013
789 4006
790 764
792 289
794 23
794 187
794 376
794 549
794 744
794 865
794 1554
794 1918
794 2265
794 2422
794 2922
794 3963
795 165
796 3227
799 817
799 1076
799 1754
799 1940
799 2069
799 2342
799 3360
799 3472
799 3713
802 360
802 2566
803 2064
803 2749
804 3645
805 1897
806 441
806 2877
806 3044
806 3124
807 201
807 789
807 1764
807 2176
807 2579
807 2704
807 2895
807 3539
807 3601
808 136
808 1491
809 268
809 1651
809 3164
810 940
810 1953
810 3262
814 866
814 1953
814 2823
814 3005
814 3985
815 562
815 3334
816 552
816 1523
817 277
817 799
817 824
817 831
817 979
817 1108
817 1450
817 1590
817 1678
817 1940
817 2322
817 2770
817 3045
817 3713
817 3751
818 1100
819 1237
819 1654
819 3785
820 369
821 342
821 555
821 1750
821 1823
821 2950
824 20
824 96
824 391
824 493
824 502
824 817
824 831
824 1067
824 1071
824 1450
824 1509
824 1621
824 1678
824 1728
824 1730
824 1757
824 1905
824 2093
824 3045
824 3419
824 3540
825 2183
826 2200
826 2448
826 2719
827 163
827 645
827 1040
827 3081
827 3097
827 3903
828 537
828 2170
829 3783
830 369
830 1402
831 395
831 502
831 817
831 824
831 1450
831 1590
831 1616
831 1897
831 1940
831 1993
831 2093
831 2226
831 2770
831 3045
831 3841
832 445
832 587
832 657
832 2376
832 2863
832 3048
832 3300
832 3362
833 328
834 1805
836 162
837 479
837 676
837 1239
837 1493
837 2149
837 3369
837 3489
838 874
838 1052
838 1411
838 1470
838 1665
838 1708
838 1986
838 2602
838 2659
838 3578
838 3666
838 3677
839 3021
839 3762
844 884
844 1105
844 1719
844 1844
844 3895
844 3924
846 612
848 861
849 148
849 1270
849 2950
850 2570
850 2950
852 2564
853 1275
855 3060
856 330
856 2850
856 3163
858 2908
858 3362
859 215
859 2758
859 3429
861 848
861 1033
863 2674
864 1216
864 1848
864 1865
864 2018
865 794
866 814
866 1953
866 2823
866 3005
867 1905
868 1000
868 1621
868 1678
868 2925
868 3544
869 3050
869 3495
870 779
870 1975
870 2844
871 3406
872 1719
873 2450
873 2793
874 210
874 587
874 639
874 838
874 1573
874 1665
874 1939
874 2103
874 2874
874 3048
874 3158
874 3677
877 739
877 3253
879 210
879 962
879 2435
880 219
880 3328
881 3028
883 3120
883 3646
883 4046
884 844
884 1105
884 3895
886 744
888 2049
888 3681
890 2267
890 3301
892 2602
893 698
893 3322
894 431
896 1647
899 2345
899 2696
901 1946
903 72
903 259
903 1376
903 1711
905 1015
905 1737
906 3785
907 1116
907 1377
907 2667
909 1828
910 646
910 1953
910 2889
910 3161
912 546
912 2149
912 2291
912 2423
912 2802
912 3527
913 3663
915 2471
916 3600
917 79
917 546
917 645
917 1800
917 3189
917 3419
917 3439
921 2827
922 2900
925 3851
926 2804
926 3383
927 79
927 200
927 2878
927 3089
930 69
930 2047
931 3995
932 277
932 476
932 1065
932 1426
932 1905
932 2662
932 2874
932 2950
932 3309
934 2069
937 1558
939 2404
940 810
941 2445
944 3735
946 2618
947 358
947 3362
947 3594
948 3372
949 79
949 364
949 2028
949 2246
952 3242
953 3461
953 4027
955 3260
960 185
960 2609
962 210
962 879
963 3910
965 2766
966 138
966 1290
966 2375
966 3418
966 3503
967 146
967 2081
968 1734
968 3284
969 712
969 1039
969 1046
969 1736
969 1759
969 2274
969 2279
969 2857
969 2950
969 3533
969 3681
969 3716
969 3842
971 1041
973 148
973 597
973 1306
973 1347
973 1533
973 1653
973 1823
973 2103
973 2233
973 2694
973 2701
973 2802
973 2816
973 2950
973 2997
973 3327
973 3365
973 3625
973 3681
973 3688
973 3699
974 3969
975 11
976 395
976 2548
976 2951
976 3540
976 3665
977 137
977 421
977 2624
978 1338
979 268
979 546
979 817
979 1108
979 3189
979 3441
980 1953
981 367
981 2348
981 3239
981 3627
982 617
982 1386
984 470
984 1549
984 2175
984 2445
984 3044
985 1132
986 1108
986 1741
986 3233
988 518
988 1298
988 2645
990 1678
992 135
992 3363
992 3987
993 1117
993 3321
993 3363
994 531
994 1363
994 2394
997 784
997 1660
997 1823
997 2085
997 2467
997 2532
997 2674
997 3254
997 3995
999 2143
1000 323
1000 868
1000 1013
1000 1081
1000 1387
1000 1621
1000 1678
1000 1754
1000 2029
1000 2342
1000 2464
1000 2925
1000 3713
1001 2111
1002 2008
1003 3939
1005 79
1005 185
1005 716
1005 1265
1005 1872
1005 2532
1005 2906
1005 3171
1005 3265
1005 3615
1007 350
1007 2956
1008 3387
1009 4006
1012 288
1013 1000
1013 1754
1013 2342
1013 2464
1013 3713
1015 905
1015 1737
1016 1117
1016 1609
1016 1800
1016 1903
1016 2526
1019 1447
1019 2903
1020 741
1020 2198
1021 757
1021 2309
1023 201
1023 587
1023 1660
1023 2874
1023 3207
1031 135
1031 138
1031 782
1031 2232
1032 429
1033 861
1033 1041
1037 2341
1037 2435
1039 969
1039 1046
1039 2950
1039 3533
1040 396
1040 546
1040 827
1040 2762
1041 420
1041 971
1041 1033
1041 1345
1041 1455
1041 2066
1041 3810
1042 1264
1043 1385
1043 1448
1045 2422
1046 470
1046 555
1046 969
1046 1039
1046 2275
1046 2950
1046 3394
1046 3716
1048 330
1048 437
1048 451
1048 452
1048 672
1048 1313
1048 1498
1048 1832
1048 1885
1048 2310
1048 2500
1048 2720
1048 2970
1048 3960
1051 607
1052 838
1052 1470
1052 1497
1052 3578
1053 2147
1054 1348
1054 2174
1058 2841
1059 313
1060 459
1061 3929
1063 3200
1064 3895
1064 3911
1065 313
1065 932
1065 2364
1065 2467
1065 2694
1065 2807
1065 2874
1065 3751
1066 110
1066 481
1066 1252
1066 2479
1066 2649
1066 3281
1067 824
1069 1696
1069 2933
1071 163
1071 824
1071 2093
1072 1161
1072 1919
1072 3421
1074 2128
1076 799
1076 1826
1078 1296
1080 1431
1081 21
1081 28
1081 185
1081 200
1081 1000
1081 1431
1081 1600
1081 1886
1081 2095
1081 2584
1081 2674
1081 2916
1081 3110
1081 3352
1081 3540
1081 3660
1081 4013
1082 2458
1082 3264
1083 306
1085 3900
1087 2609
1089 1394
1089 2096
1090 1220
1092 439
1094 3312
1095 72
1095 3651
1095 3928
1098 2102
1099 88
1099 185
1099 361
1099 375
1099 573
1099 595
1099 1678
1099 2103
1099 2239
1099 2291
1099 2452
1099 2916
1099 3256
1099 3379
1099 3497
1099 3540
1099 3877
1099 4033
1100 818
1101 2350
1101 3416
1102 1988
1102 2103
1103 2408
1103 3003
1104 427
1104 1782
1104 2260
1104 2666
1105 328
1105 844
1105 884
1105 2460
1106 214
1106 2424
1107 72
1107 588
1108 477
1108 726
1108 817
1108 979
1108 986
1108 2490
1108 3386
1108 3878
1108 3879
1109 1520
1110 489
1110 3581
1111 1368
1112 194
1112 315
1112 1458
1112 2141
1112 2962
1112 3516
1112 3526
1116 907
1116 1377
1116 2667
1117 993
1117 1016
1117 1800
1117 1823
1117 2283
1117 3025
1117 3321
1119 369
1119 1544
1119 1736
1119 1823
1119 1878
1119 2294
1119 2521
1120 472
1120 2250
1120 3120
1121 1493
1123 517
1123 2581
1125 717
1127 1650
1127 2267
1129 746
1129 1367
1131 201
1131 2579
1132 985
1133 1862
1133 1953
1133 2723
1133 2778
1135 14
1135 1823
1135 3743
1136 1316
1136 1700
1136 2556
1136 3398
1137 2782
1137 3651
1138 453
1138 1642
1139 2388
1139 2875
1140 3519
1141 1417
1141 1903
1142 2064
1144 2539
1144 3240
1146 1216
1148 546
1148 752
1148 3025
1149 304
1149 1196
1149 1471
1149 1491
1149 1657
1149 2519
1149 3355
1150 1633
1150 1875
1150 2029
1150 2534
1150 3167
1150 3256
1150 3808
1151 233
1151 3166
1152 1499
1157 1503
1157 1557
1159 2694
1160 1305
1160 2765
1160 2956
1161 68
1161 220
1161 278
1161 470
1161 1072
1161 1549
1161 1557
1161 1724
1161 1919
1161 2126
1161 2175
1161 2280
1161 2282
1161 2673
1161 3020
1161 3044
1161 3421
1161 3456
1161 3650
1161 3923
1162 1905
1163 658
1164 1369
1166 710
1166 4048
1167 146
1168 1861
1168 2998
1173 1270
1174 1557
1174 2766
1175 2062
1176 1884
1177 2274
1177 3365
1177 3751
1178 589
1178 3807
1179 3135
1181 262
1181 1987
1181 2209
1181 2822
1181 3478
1181 3627
1182 1208
1183 577
1184 470
1187 3362
1189 2466
1191 1598
1191 2508
1191 3599
1193 466
1193 470
1193 3498
1194 2824
1196 1149
1196 1491
1199 2706
1200 2375
1200 3393
1201 2253
1202 3821
1203 465
1205 331
1205 1548
1206 2041
1207 1812
1208 38
1208 115
1208 567
1208 1182
1208 1470
1208 2220
1208 3507
1210 2865
1210 3932
1212 1274
1213 120
1214 326
1214 1444
1214 3554
1216 864
1216 1146
1216 1536
1216 2727
1216 2817
1217 1283
1219 2718
1220 1090
1220 1547
1220 3015
1222 1402
1223 2824
1223 3062
1223 3986
1224 505
1224 3000
1225 2950
1225 3460
1226 3924
1227 206
1227 1601
1227 2494
1227 2533
1227 2877
1227 3955
1228 200
1229 2144
1230 1632
1230 2940
1233 2635
1235 2146
1236 3668
1237 136
1237 819
1237 1654
1237 2239
1237 2865
1237 3427
1237 3540
1237 3785
1238 3107
1238 4028
1239 837
1239 1254
1239 1493
1239 3369
1244 2995
1246 697
1246 1943
1246 2815
1248 229
1248 3504
1249 685
1249 3647
1250 328
1251 1678
1252 318
1252 481
1252 1066
1252 1680
1252 2164
1252 2479
1252 3052
1252 3281
1252 3723
1253 3229
1254 252
1254 1239
1254 1557
1254 1561
1254 1858
1254 2488
1254 3071
1254 3350
1255 3089
1255 3466
1256 3869
1257 2401
1260 300
1260 2852
1260 3659
1261 1520
1261 2215
1262 599
1262 3031
1262 3520
1262 3711
1263 434
1263 559
1263 725
1263 2334
1263 2872
1263 2936
1263 3583
1264 1042
1264 1282
1265 1005
1265 2157
1267 1458
1269 1602
1270 72
1270 148
1270 849
1270 1173
1271 3506
1271 3735
1272 2099
1273 3448
1273 3525
1274 1212
1274 3685
1275 853
1276 138
1277 3502
1277 3751
1277 3781
1279 1342
1279 3724
1282 1264
1283 1217
1284 1589
1285 2990
1285 3127
1286 245
1286 2202
1286 4055
1288 3174
1290 966
1293 192
1293 320
1293 2220
1293 2626
1293 2866
1294 3740
1296 1078
1297 180
1298 518
1298 988
1298 2645
1298 3862
1301 3382
1302 1340
1305 1160
1305 2765
1305 2956
1306 342
1306 445
1306 973
1306 1750
1306 1823
1306 2238
1310 30
1310 2274
1310 2857
1310 3681
1313 330
1313 1048
1313 1832
1313 2409
1313 3960
1314 4034
1315 1833
1316 1136
1316 1700
1316 2556
1316 3398
1317 2638
1318 2484
1319 3108
1322 242
1322 274
1322 327
1322 1937
1322 2187
1322 2479
1322 2864
1322 3340
1322 3522
1323 2732
1323 3715
1324 1846
1327 1394
1327 3379
1328 693
1328 1597
1328 1811
1328 2618
1331 464
1331 3138
1333 82
1333 292
1333 1816
1333 2082
1333 3603
1334 3798
1335 3811
1336 630
1336 3123
1336 3607
1337 2096
1337 2725
1337 3901
1337 4027
1338 978
1339 195
1339 2758
1340 1302
1341 446
1342 1279
1342 2393
1342 3724
1344 3611
1345 1041
1347 224
1347 973
1347 1521
1347 1599
1347 2373
1347 2397
1347 2701
1347 2967
1347 3439
1347 3681
1348 1054
1348 2174
1349 3603
1350 79
1350 2581
1351 257
1351 1575
1352 691
1354 2034
1355 172
1357 3111
1362 1756
1362 3751
1363 531
1363 994
1365 752
1365 1585
1365 2118
1367 1129
1368 1111
1368 2738
1369 1164
1373 2517
1374 53
1374 2140
1376 903
1376 1593
1376 2694
1376 3681
1376 3751
1376 4027
1377 907
1377 1116
1377 2504
1377 2514
1377 2667
1377 3730
1378 1897
1380 1597
1380 2067
1380 4007
1381 2426
1382 148
1385 1043
1385 1448
1386 982
1387 42
1387 1000
1387 1987
1387 3112
1387 3632
1388 1958
1394 1089
1394 1327
1394 2006
1394 2992
1394 3379
1397 2739
1398 1962
1400 3360
1402 830
1402 1222
1402 1823
1402 1859
1402 2299
1402 2446
1402 2688
1402 2782
1402 3992
1403 532
1405 285
1406 3257
1407 1953
1409 474
1411 838
1411 3890
1412 604
1413 532
1414 152
1414 541
1415 710
1415 3457
1417 1141
1417 1903
1418 3144
1418 3594
1421 3999
1422 3951
1424 1710
1425 2194
1425 2356
1426 277
1426 932
1426 1905
1427 1812
1428 2109
1429 2324
1430 3721
1431 185
1431 479
1431 493
1431 1080
1431 1081
1431 1886
1431 1979
1431 2095
1431 2803
1431 2916
1431 3095
1431 3352
1431 3540
1431 3995
1432 3194
1433 2060
1433 3075
1435 4033
1438 2060
1439 552
1439 2070
1439 2257
1439 3370
1440 479
1440 641
1440 2298
1441 151
1442 3438
1443 3193
1444 285
1444 326
1444 591
1444 1214
1444 2763
1447 1019
1447 2333
1447 2903
1448 1043
1448 1385
1449 3980
1450 534
1450 817
1450 824
1450 831
1450 2770
1451 1640
1453 1665
1453 1770
1453 2659
1454 2705
1455 1041
1455 3810
1458 1112
1458 1267
1462 666
1462 3904
1463 3687
1465 3741
1466 392
1466 2681
1467 390
1467 2091
1467 2431
1468 84
1468 1928
1468 2425
1468 2639
1468 2672
1470 38
1470 115
1470 552
1470 838
1470 1052
1470 1208
1470 2208
1470 3317
1470 3578
1470 3654
1470 3715
1470 3970
1471 1149
1473 3121
1475 661
1475 3033
1475 3728
1477 3838
1480 287
1480 2894
1481 3191
1483 3105
1484 680
1485 774
1489 1744
1489 3152
1490 69
1490 711
1490 1533
1490 2080
1491 808
1491 1149
1491 1196
1491 1561
1491 3257
1491 3293
1491 3739
1491 4034
1493 837
1493 1121
1493 1239
1493 2671
1493 3369
1494 2378
1494 3218
1494 3654
1494 3679
1495 2150
1495 2572
1495 3859
1497 103
1497 554
1497 1052
1497 1826
1498 1048
1498 3960
1499 181
1499 213
1499 243
1499 1152
1499 2360
1499 3790
1501 1754
1501 4024
1502 2123
1503 1157
1503 1557
1506 1796
1506 2904
1507 2246
1509 824
1509 3899
1511 1618
1511 2687
1511 2994
1511 3549
1512 3281
1513 2872
1514 2413
1515 1907
1515 3189
1515 3439
1516 2581
1517 3534
1518 2254
1518 2589
1519 2440
1519 3850
1520 72
1520 316
1520 1109
1520 1261
1520 1765
1520 1800
1520 2062
1520 2510
1520 3356
1521 1347
1521 2397
1523 552
1523 816
1526 2099
1527 301
1528 1958
1528 2408
1528 3372
1530 344
1530 3874
1531 3037
1533 711
1533 973
1533 1490
1533 1544
1533 2997
1533 3365
1533 3492
1534 2294
1536 1216
1544 1119
1544 1533
1544 2080
1544 2203
1544 2376
1544 2532
1544 3025
1544 3062
1544 3716
1546 2704
1547 1220
1548 331
1548 1205
1549 334
1549 441
1549 470
1549 984
1549 1161
1549 1557
1549 2175
1549 3044
1549 3124
1549 3162
1550 3570
1551 2245
1552 1744
1553 651
1554 612
1554 651
1554 794
1554 2018
1554 2307
1555 2803
1556 44
1556 288
1557 6
1557 68
1557 220
1557 430
1557 470
1557 1157
1557 1161
1557 1174
1557 1254
1557 1503
1557 1549
1557 1608
1557 1837
1557 1858
1557 1860
1557 2051
1557 2175
1557 2445
1557 2457
1557 2488
1557 2580
1557 2694
1557 2698
1557 2753
1557 2766
1557 2774
1557 3020
1557 3044
1557 3307
1557 3542
1557 3606
1557 3650
1557 3842
1557 3923
1558 937
1559 617
1561 2
1561 97
1561 734
1561 1254
1561 1491
1561 2084
1561 2678
1561 2716
1562 613
1562 1865
1562 3225
1563 3446
1564 254
1567 48
1567 96
1567 3661
1567 3889
1570 3341
1570 3745
1572 717
1573 874
1575 200
1575 257
1575 303
1575 1351
1575 2160
1575 2965
1575 3397
1575 3487
1576 2956
1576 3032
1576 3751
1577 2566
1578 2457
1579 2067
1579 2535
1581 3812
1581 3951
1582 2716
1582 2729
1583 4024
1584 2129
1585 210
1585 496
1585 587
1585 620
1585 752
1585 1365
1585 1660
1585 1836
1585 1936
1585 2118
1585 2297
1585 2909
1585 3025
1585 3048
1585 3362
1585 3806
1586 3822
1587 148
1587 3207
1588 346
1589 1284
1589 2891
1590 184
1590 817
1590 831
1590 1940
1590 2182
1590 2641
1592 2952
1593 1376
1594 2595
1595 2711
1595 2875
1595 3090
1596 2722
1596 3362
1597 251
1597 274
1597 1328
1597 1380
1597 1871
1597 2067
1597 2236
1597 2267
1597 2792
1597 3138
1597 3474
1597 3771
1597 4007
1598 1191
1598 2458
1598 2701
1598 2979
1598 3327
1599 1347
1599 2373
1600 1081
1600 2584
1601 1227
1601 3955
1602 735
1602 1269
1602 3534
1603 1748
1605 110
1606 2338
1606 3323
1607 3833
1608 1557
1609 1016
1609 1903
1610 37
1610 3614
1611 3480
1612 2197
1613 2874
1616 831
1616 2226
1616 3045
1617 153
1617 1938
1617 2186
1618 1511
1618 2687
1618 2994
1618 3549
1619 3063
1620 541
1620 2737
1621 88
1621 391
1621 824
1621 868
1621 1000
1621 1678
1621 1905
1621 2029
1621 2925
1621 3012
1621 3081
1621 3515
1621 3889
1622 3831
1623 415
1624 1639
1625 1640
1625 3218
1625 4016
1627 426
1627 3644
1630 727
1632 1230
1632 2940
1633 1150
1633 1875
1636 200
1636 1678
1636 2917
1636 3544
1637 2531
1638 2939
1639 1624
1640 328
1640 1451
1640 1625
1642 1138
1643 547
1647 385
1647 896
1647 1672
1647 3826
1648 2787
1650 1127
1650 2267
1651 268
1651 809
1653 973
1653 2816
1653 3699
1654 819
1654 1237
1654 3785
1656 107
1656 552
1656 2599
1656 3574
1657 1149
1657 1890
1659 694
1659 2281
1660 587
1660 997
1660 1023
1660 1585
1660 2085
1660 2532
1660 3025
1662 3048
1662 3365
1662 3751
1663 2819
1665 79
1665 239
1665 476
1665 838
1665 874
1665 1453
1665 1678
1665 1770
1665 2244
1665 2659
1665 2901
1665 2967
1665 3677
1666 2220
1668 495
1668 1678
1668 3362
1668 3540
1669 2365
1670 587
1670 2863
1670 3048
1672 1647
1673 1873
1674 2835
1675 357
1675 2610
1677 3343
1678 88
1678 91
1678 93
1678 200
1678 361
1678 444
1678 495
1678 726
1678 817
1678 824
1678 868
1678 990
1678 1000
1678 1099
1678 1251
1678 1621
1678 1636
1678 1665
1678 1668
1678 1728
1678 1730
1678 2041
1678 2322
1678 2345
1678 2449
1678 2575
1678 2694
1678 2796
1678 2852
1678 2917
1678 2925
1678 3010
1678 3045
1678 3362
1678 3661
1678 3878
1679 2013
1679 4006
1680 1252
1680 2122
1680 2803
1680 2952
1680 3565
1680 3657
1684 1895
1685 546
1686 283
1686 2365
1686 3360
1689 2838
1696 1069
1697 743
1697 2613
1698 395
1698 2442
1698 3841
1698 3971
1700 1136
1700 1316
1700 2556
1700 3398
1701 2834
1702 1816
1703 148
1704 2992
1706 79
1706 398
1706 3034
1706 3158
1706 3482
1706 3751
1707 2399
1708 838
1710 1424
1711 36
1711 72
1711 903
1711 3593
1712 3185
1714 222
1715 193
1716 3291
1716 3886
1717 2603
1718 3879
1719 392
1719 777
1719 844
1719 872
1719 1844
1719 2997
1720 3973
1721 72
1722 2057
1724 221
1724 321
1724 1161
1724 2706
1724 2931
1724 3456
1726 2247
1726 2421
1726 2986
1727 14
1727 1791
1727 1879
1727 2407
1728 824
1728 1678
1728 1905
1728 2132
1730 824
1730 1678
1730 1757
1730 1905
1730 3540
1732 163
1732 2093
1734 968
1734 3284
1736 969
1736 1119
1736 1823
1736 2376
1736 2950
1736 3533
1737 905
1737 1015
1738 427
1738 2307
1738 3291
1739 376
1740 479
1740 2452
1740 2771
1740 3508
1741 986
1741 2364
1741 3379
1741 3831
1744 168
1744 1489
1744 1552
1744 1905
1744 2345
1744 2389
1744 3074
1744 3104
1744 3152
1744 3246
1744 3831
1744 4045
1745 3699
1746 2294
1746 2491
1747 2549
1748 1603
1750 342
1750 821
1750 1306
1750 1823
1750 2548
1751 279
1753 2659
1753 2901
1753 2967
1753 3242
1753 3929
1754 582
1754 799
1754 1000
1754 1013
1754 1501
1754 2078
1754 2342
1754 2464
1754 3713
1756 1362
1756 3751
1757 824
1757 1730
1759 969
1759 2274
1759 2857
1759 2950
1759 3681
1761 192
1761 199
1764 201
1764 807
1764 1821
1765 1520
1765 3356
1767 2295
1770 1453
1770 1665
1770 2659
1772 696
1772 2186
1772 3985
1778 552
1779 268
1779 3362
1780 1973
1780 3587
1782 1104
1782 2666
1783 379
1783 1823
1783 2424
1783 2476
1783 3904
1789 388
1790 2018
1790 2348
1791 1727
1791 1879
1791 2158
1791 2343
1791 2407
1792 3025
1792 3118
1793 79
1796 1506
1796 2904
1797 3165
1798 3335
1800 917
1800 1016
1800 1117
1800 1520
1800 1823
1800 1882
1800 1903
1800 2283
1800 2526
1800 2578
1800 3169
1800 3208
1800 3828
1800 3881
1801 2680
1803 2059
1805 834
1806 719
1806 2267
1807 3496
1808 785
1808 3206
1811 270
1811 461
1811 465
1811 545
1811 693
1811 1328
1811 2287
1811 2307
1811 2921
1811 3019
1811 3300
1811 3457
1812 1207
1812 1427
1814 587
1816 82
1816 292
1816 1333
1816 1702
1818 337
1818 3101
1818 3490
1819 30
1819 459
1819 2652
1821 1764
1823 148
1823 398
1823 784
1823 821
1823 973
1823 997
1823 1117
1823 1119
1823 1135
1823 1306
1823 1402
1823 1736
1823 1750
1823 1783
1823 1800
1823 2260
1823 2476
1823 2857
1823 2950
1823 3321
1823 3546
1823 3681
1824 226
1824 1953
1824 2235
1824 2785
1824 3197
1825 2072
1826 103
1826 283
1826 1076
1826 1497
1826 2602
1826 3494
1828 909
1829 470
1829 634
1829 3191
1829 3576
1832 1048
1832 1313
1833 1
1833 1315
1834 107
1834 2020
1836 496
1836 690
1836 1585
1836 1936
1836 2487
1837 1557
1839 4043
1840 2435
1843 3731
1844 123
1844 844
1844 1719
1844 2367
1844 3416
1844 3844
1846 479
1846 1324
1847 3319
1848 864
1850 507
1850 752
1850 2708
1850 2820
1850 3982
1853 444
1853 2799
1854 40
1856 482
1857 606
1857 763
1858 1254
1858 1557
1858 2488
1859 1402
1859 2299
1860 1557
1860 2226
1860 3045
1861 1168
1861 2998
1862 1133
1862 2778
1864 2584
1865 613
1865 864
1865 1562
1865 3034
1869 2358
1869 2839
1871 1597
1871 3771
1871 4007
1872 1005
1873 1673
1873 2421
1875 491
1875 663
1875 1150
1875 1633
1875 2665
1875 3368
1875 3856
1878 1119
1878 2521
1879 14
1879 542
1879 1727
1879 1791
1879 2407
1879 2950
1879 3256
1879 3540
1879 3615
1881 2633
1882 1800
1882 3169
1883 2999
1884 1176
1885 1048
1885 2310
1886 28
1886 493
1886 546
1886 1081
1886 1431
1886 2624
1886 2916
1886 3540
1886 3757
1890 1657
1892 4
1892 3624
1893 3654
1893 3679
1895 383
1895 1684
1897 395
1897 805
1897 831
1897 1378
1898 2937
1898 3191
1898 3778
1902 339
1902 2898
1903 612
1903 1016
1903 1141
1903 1417
1903 1609
1903 1800
1903 2526
1903 3906
1904 546
1904 3048
1904 3365
1904 3751
1905 96
1905 98
1905 277
1905 391
1905 476
1905 824
1905 867
1905 932
1905 1162
1905 1426
1905 1621
1905 1728
1905 1730
1905 1744
1905 1993
1905 2116
1905 2132
1905 3045
1905 3117
1905 3540
1905 3691
1907 1515
1907 2584
1907 3158
1907 3189
1907 3439
1908 6
1908 150
1908 2412
1911 2244
1915 59
1915 142
1916 2061
1916 2124
1918 794
1918 2922
1918 3107
1918 3137
1919 280
1919 1072
1919 1161
1919 3421
1921 3484
1922 255
1924 1944
1925 2384
1926 282
1926 2351
1928 1468
1929 2669
1929 4034
1932 3143
1934 2798
1935 3895
1936 1585
1936 1836
1937 1322
1938 153
1938 1617
1939 639
1939 874
1939 3158
1940 799
1940 817
1940 831
1940 1590
1940 3360
1940 3713
1943 603
1943 1246
1943 2387
1943 2950
1944 1924
1945 722
1945 2656
1946 901
1947 3136
1949 3426
1950 2348
1953 552
1953 646
1953 810
1953 814
1953 866
1953 910
1953 980
1953 1133
1953 1407
1953 1824
1953 2069
1953 2723
1953 2823
1953 2889
1953 3005
1953 3130
1953 3161
1953 3197
1953 3262
1953 3715
1953 3924
1956 2961
1957 2060
1958 741
1958 1388
1958 1528
1958 2835
1958 3372
1962 1398
1962 3120
1963 582
1963 3396
1964 44
1965 2100
1966 3217
1966 4016
1969 671
1969 3130
1969 3192
1972 3941
1973 1780
1975 779
1975 870
1975 2844
1976 3615
1976 3751
1977 433
1979 1431
1979 3095
1979 3646
1983 3362
1983 3439
1984 29
1985 264
1986 838
1987 1181
1987 1387
1987 2301
1988 374
1988 625
1988 1102
1988 3969
1990 493
1990 502
1992 3243
1993 831
1993 1905
1993 3117
1993 3553
1994 295
1996 3418
1997 3285
1999 3362
2000 3165
2001 2685
2003 2236
2003 2597
2004 4014
2006 215
2006 1394
2006 2285
2006 3831
2008 1002
2009 3297
2010 3203
2013 205
2013 789
2013 1679
2013 3950
2018 612
2018 864
2018 1554
2018 1790
2018 2348
2019 298
2020 107
2020 552
2020 1834
2022 206
2022 2802
2022 3583
2023 3472
2023 3548
2024 2540
2025 21
2025 2534
2028 364
2028 949
2028 3305
2029 323
2029 427
2029 1000
2029 1150
2029 1621
2029 2534
2029 3081
2029 3515
2030 20
2034 1354
2036 660
2037 200
2037 2870
2039 3467
2040 3340
2041 91
2041 1206
2041 1678
2041 2345
2045 2833
2047 930
2049 888
2049 3681
2050 2917
2051 470
2051 1557
2051 2774
2054 528
2056 39
2057 1722
2059 1803
2059 2345
2059 2770
2060 1433
2060 1438
2060 1957
2061 1916
2061 2124
2062 1175
2062 1520
2064 803
2064 1142
2064 2749
2065 3079
2066 420
2066 1041
2066 2935
2067 1380
2067 1579
2067 1597
2067 2535
2067 4007
2068 3189
2069 799
2069 934
2069 1953
2070 552
2070 1439
2070 2257
2070 3370
2071 148
2071 2950
2072 1825
2076 2915
2077 2950
2078 1754
2078 2342
2079 3083
2080 1490
2080 1544
2080 2203
2080 3025
2081 146
2081 967
2082 292
2082 1333
2084 1561
2085 997
2085 1660
2085 2532
2086 610
2086 3924
2089 2978
2090 3120
2091 390
2091 1467
2091 2431
2092 99
2093 163
2093 271
2093 395
2093 824
2093 831
2093 1071
2093 1732
2093 3291
2093 3441
2093 3841
2095 1081
2095 1431
2096 1089
2096 1337
2096 3061
2097 3961
2098 511
2098 2642
2098 3373
2099 90
2099 140
2099 1272
2099 1526
2099 3428
2100 1965
2101 621
2102 1098
2103 587
2103 874
2103 973
2103 1099
2103 1102
2103 2291
2103 3048
2105 3350
2106 2137
2107 3345
2109 1428
2110 400
2110 3453
2111 1001
2112 3822
2113 2243
2113 2625
2115 2275
2116 145
2116 313
2116 541
2116 1905
2116 2336
2116 2755
2116 3148
2116 3540
2118 752
2118 1365
2118 1585
2119 2988
2121 2412
2122 1680
2122 2803
2122 2932
2122 3565
2122 3657
2123 1502
2123 2671
2123 3766
2124 226
2124 1916
2124 2061
2124 3128
2126 1161
2127 3670
2128 189
2128 1074
2129 715
2129 1584
2129 4030
2130 2564
2131 426
2131 469
2131 2286
2131 3644
2132 1728
2132 1905
2133 3885
2137 2106
2138 2259
2140 53
2140 1374
2141 1112
2143 606
2143 999
2143 2985
2144 1229
2146 1235
2147 1053
2147 2422
2147 2499
2147 3985
2148 2325
2149 206
2149 676
2149 837
2149 912
2149 2291
2149 2423
2149 2802
2149 3327
2149 3344
2149 3527
2149 3583
2149 3682
2150 1495
2151 521
2151 2516
2153 3164
2157 1265
2158 236
2158 1791
2158 2343
2159 3512
2160 200
2160 303
2160 1575
2160 2965
2160 3397
2160 3635
2161 2983
2161 3327
2162 4009
2163 146
2164 1252
2168 185
2170 537
2170 828
2173 68
2173 470
2173 3020
2173 3576
2174 1054
2174 1348
2175 68
2175 220
2175 470
2175 984
2175 1161
2175 1549
2175 1557
2175 2282
2175 3020
2175 3044
2175 3923
2176 807
2176 2579
2182 26
2182 1590
2183 825
2184 777
2186 1617
2186 1772
2186 3985
2187 1322
2187 2479
2187 2864
2187 3186
2192 2982
2194 546
2194 1425
2194 2356
2196 3684
2197 1612
2198 741
2198 1020
2199 676
2200 826
2200 2448
2200 2719
2201 534
2202 245
2202 1286
2202 3007
2202 4055
2203 1544
2203 2080
2203 3025
2207 3137
2208 72
2208 684
2208 1470
2208 2418
2208 2875
2208 3715
2208 3970
2209 1181
2213 666
2215 1261
2215 2360
2215 3935
2216 3632
2217 2835
2217 3367
2218 2756
2220 192
2220 320
2220 1208
2220 1293
2220 1666
2220 3197
2220 3666
2222 2275
2226 831
2226 1616
2226 1860
2226 3045
2226 3661
2229 3954
2232 138
2232 1031
2233 470
2233 973
2233 2694
2234 3827
2235 226
2235 1824
2235 2785
2236 550
2236 1597
2236 2003
2236 2267
2236 3474
2236 3857
2238 615
2238 1306
2238 2724
2238 3789
2239 79
2239 1099
2239 1237
2239 2291
2239 3379
2239 3540
2240 299
2240 3457
2242 2662
2243 2113
2244 1665
2244 1911
2244 2390
2244 3025
2245 668
2245 1551
2246 79
2246 949
2246 1507
2247 1726
2247 2986
2250 472
2250 669
2250 1120
2250 3091
2251 2641
2253 1201
2253 2350
2253 3457
2254 1518
2257 552
2257 1439
2257 2070
2257 3370
2259 2138
2260 416
2260 1104
2260 1823
2260 2431
2260 2761
2260 3125
2264 2303
2265 794
2266 2385
2266 3146
2267 206
2267 890
2267 1127
2267 1597
2267 1650
2267 1806
2267 2236
2267 2307
2267 3191
2267 3456
2267 3474
2270 3884
2274 555
2274 969
2274 1177
2274 1310
2274 1759
2274 2445
2274 2701
2274 2857
2274 2950
2274 3044
2274 3365
2274 3681
2275 71
2275 1046
2275 2115
2275 2222
2275 2279
2275 2351
2275 2950
2275 3634
2275 3680
2275 4001
2278 2566
2279 488
2279 969
2279 2275
2279 2950
2279 3533
2280 1161
2281 1659
2281 2919
2281 3744
2282 68
2282 470
2282 1161
2282 2175
2282 3020
2282 3460
2283 1117
2283 1800
2283 3321
2285 2006
2286 426
2286 2131
2286 3644
2287 1811
2290 2488
2291 912
2291 1099
2291 2103
2291 2149
2291 2239
2294 369
2294 674
2294 1119
2294 1534
2294 1746
2294 2491
2294 2950
2294 3024
2294 3032
2294 3257
2295 1767
2297 1585
2297 2376
2297 3362
2298 434
2298 479
2298 641
2298 1440
2298 2364
2298 2801
2299 1402
2299 1859
2301 1987
2302 2834
2302 2888
2303 2264
2304 3673
2307 522
2307 1554
2307 1738
2307 1811
2307 2267
2309 757
2309 785
2309 1021
2309 3151
2310 451
2310 452
2310 1048
2310 1885
2312 352
2316 3963
2317 2923
2317 3994
2318 3157
2319 195
2319 3505
2322 209
2322 817
2322 1678
2322 3067
2322 3106
2322 3362
2322 3601
2323 108
2323 308
2323 2459
2324 1429
2325 2148
2327 3424
2328 3416
2333 710
2333 1447
2333 2645
2333 3457
2333 3520
2334 1263
2335 2477
2336 2116
2338 1606
2338 3323
2340 190
2340 2758
2341 1037
2341 2435
2342 582
2342 799
2342 1000
2342 1013
2342 1754
2342 2078
2342 2464
2342 3713
2343 1791
2343 2158
2345 91
2345 770
2345 899
2345 1678
2345 1744
2345 2041
2345 2059
2345 2575
2345 2696
2345 3256
2348 981
2348 1790
2348 1950
2348 2018
2350 1101
2350 2253
2350 3416
2351 21
2351 282
2351 1926
2351 2275
2351 3042
2353 3412
2354 24
2356 1425
2356 2194
2358 1869
2358 2839
2360 213
2360 1499
2360 2215
2360 3935
2362 3627
2364 313
2364 1065
2364 1741
2364 2298
2364 3426
2365 79
2365 1669
2365 1686
2365 3474
2365 3519
2366 3368
2367 1844
2367 2563
2369 2965
2369 4012
2373 1347
2373 1599
2375 966
2375 1200
2375 3218
2376 268
2376 445
2376 832
2376 1544
2376 1736
2376 2297
2376 2532
2376 2863
2376 3362
2376 3452
2376 3594
2377 2383
2378 1494
2378 3654
2380 193
2380 3735
2381 326
2381 591
2382 3929
2383 766
2383 2377
2384 1925
2384 2817
2385 2266
2387 1943
2388 1139
2388 2875
2389 1744
2389 2659
2389 3159
2389 3831
2389 4045
2390 2244
2393 54
2393 1342
2394 994
2394 3042
2396 185
2396 2636
2396 2799
2397 1347
2397 1521
2398 728
2399 1707
2401 362
2401 1257
2402 337
2402 2928
2402 3457
2404 939
2405 749
2407 14
2407 1727
2407 1791
2407 1879
2407 2950
2408 1103
2408 1528
2408 2884
2408 3003
2408 3855
2409 1313
2410 656
2411 2458
2412 6
2412 389
2412 1908
2412 2121
2412 3725
2413 1514
2416 3189
2418 2208
2421 78
2421 1726
2421 1873
2422 23
2422 794
2422 1045
2422 2147
2423 912
2423 2149
2423 2802
2424 214
2424 274
2424 1106
2424 1783
2424 2476
2424 3336
2425 566
2425 1468
2425 3002
2426 1381
2427 3380
2428 3340
2431 77
2431 390
2431 1467
2431 2091
2431 2260
2432 200
2435 879
2435 1037
2435 1840
2435 2341
2436 241
2436 2681
2440 1519
2440 3850
2442 1698
2442 3971
2444 2569
2444 3803
2445 941
2445 984
2445 1557
2445 2274
2445 2457
2445 2753
2445 3044
2446 1402
2447 2950
2447 3279
2448 826
2448 2200
2448 2719
2449 93
2449 1678
2449 2456
2449 2575
2450 873
2452 546
2452 615
2452 1099
2452 1740
2452 3882
2452 3968
2456 2449
2457 759
2457 1557
2457 1578
2457 2445
2458 1082
2458 1598
2458 2411
2458 3616
2459 2323
2460 1105
2464 1000
2464 1013
2464 1754
2464 2342
2464 3713
2465 315
2465 377
2465 495
2465 2597
2465 3526
2466 1189
2467 79
2467 273
2467 637
2467 997
2467 1065
2467 3722
2467 3995
2469 72
2470 563
2471 174
2471 915
2474 2620
2476 379
2476 1783
2476 1823
2476 2424
2476 2520
2477 2335
2478 3371
2479 481
2479 1066
2479 1252
2479 1322
2479 2187
2479 2564
2479 2864
2479 3281
2479 3708
2481 3180
2482 173
2484 1318
2487 1836
2488 1254
2488 1557
2488 1858
2488 2290
2489 2605
2489 3698
2490 1108
2491 1746
2491 2294
2493 3275
2493 3563
2494 206
2494 1227
2494 2533
2496 2958
2498 2741
2499 2147
2499 3985
2500 672
2500 1048
2504 1377
2505 103
2505 2604
2505 3349
2506 227
2506 539
2508 1191
2508 3599
2510 461
2510 1520
2514 1377
2515 680
2516 2151
2517 1373
2518 614
2519 1149
2520 379
2520 2476
2520 2532
2521 1119
2521 1878
2523 741
2526 1016
2526 1800
2526 1903
2526 3534
2527 2614
2528 3457
2531 1637
2532 997
2532 1005
2532 1544
2532 1660
2532 2085
2532 2376
2532 2520
2532 3025
2533 206
2533 1227
2533 2494
2533 2877
2533 3044
2533 3387
2533 3955
2534 21
2534 1150
2534 2025
2534 2029
2534 2689
2534 3379
2535 1579
2535 2067
2535 3452
2539 1144
2540 2024
2547 3523
2547 3874
2548 976
2548 1750
2549 274
2549 1747
2554 147
2556 1136
2556 1316
2556 1700
2556 3398
2560 3683
2561 3145
2561 3204
2562 745
2562 3463
2562 3693
2563 2367
2564 852
2564 2130
2564 2479
2564 2695
2564 2761
2564 2831
2564 3360
2564 3575
2564 3708
2566 360
2566 802
2566 1577
2566 2278
2567 3457
2569 780
2569 2444
2569 3803
2570 850
2572 1495
2574 3228
2575 93
2575 1678
2575 2345
2575 2449
2575 4034
2578 1800
2578 3208
2579 201
2579 417
2579 807
2579 1131
2579 2176
2580 1557
2580 2694
2580 3307
2581 517
2581 1123
2581 1350
2581 1516
2584 1081
2584 1600
2584 1864
2584 1907
2584 3062
2584 3189
2584 3537
2585 2600
2585 3841
2588 2817
2589 1518
2591 525
2595 1594
2597 315
2597 462
2597 495
2597 2003
2597 2465
2599 552
2599 567
2599 1656
2600 2585
2600 3841
2602 838
2602 892
2602 1826
2602 2659
2603 1717
2604 103
2604 2505
2604 3349
2605 2489
2605 3698
2607 3985
2607 4007
2609 288
2609 960
2609 1087
2610 357
2610 1675
2613 743
2613 1697
2613 2693
2613 3591
2614 2527
2618 946
2618 1328
2618 3231
2620 2474
2620 3422
2622 590
2624 977
2624 1886
2625 2113
2626 1293
2628 546
2628 3362
2628 3439
2630 309
2633 1881
2634 3278
2635 1233
2635 3457
2636 185
2636 2396
2636 2799
2637 330
2637 2690
2637 2850
2637 3071
2638 1317
2639 1468
2641 721
2641 1590
2641 2251
2641 2955
2642 2098
2642 3373
2645 518
2645 988
2645 1298
2645 2333
2645 3457
2646 464
2647 2727
2649 1066
2650 3772
2652 30
2652 459
2652 1819
2654 3676
2656 1945
2657 283
2659 838
2659 1453
2659 1665
2659 1753
2659 1770
2659 2389
2659 2602
2659 3093
2659 4045
2662 932
2662 2242
2665 1875
2665 3856
2666 1104
2666 1782
2666 2924
2667 341
2667 907
2667 1116
2667 1377
2667 3845
2669 1929
2669 4034
2671 1493
2671 2123
2671 3766
2672 710
2672 1468
2673 278
2673 1161
2673 3456
2674 21
2674 863
2674 997
2674 1081
2674 3995
2675 2690
2675 2813
2675 3197
2675 3715
2678 1561
2678 3751
2679 3
2679 3715
2679 3768
2679 3892
2680 1801
2681 241
2681 392
2681 752
2681 1466
2681 2436
2681 2703
2682 3598
2684 2783
2685 2001
2687 1511
2687 1618
2687 2994
2687 3549
2688 1402
2688 3992
2689 2534
2689 3379
2690 330
2690 2637
2690 2675
2690 3071
2693 465
2693 2613
2694 452
2694 470
2694 597
2694 973
2694 1065
2694 1159
2694 1376
2694 1557
2694 1678
2694 2233
2694 2580
2694 2701
2694 2802
2694 2874
2694 2950
2694 3140
2694 3307
2694 3365
2694 3625
2694 3681
2694 3699
2694 3751
2695 2564
2695 3708
2695 3794
2696 337
2696 899
2696 2345
2698 1557
2699 90
2700 167
2700 724
2701 555
2701 973
2701 1347
2701 1598
2701 2274
2701 2694
2701 2857
2701 3439
2701 3681
2703 392
2703 752
2703 2681
2703 3102
2703 3169
2703 3982
2704 807
2704 1546
2704 3362
2705 1454
2706 1199
2706 1724
2708 507
2708 752
2708 1850
2708 3982
2711 1595
2711 2875
2711 3090
2716 475
2716 1561
2716 1582
2718 1219
2719 99
2719 826
2719 2200
2719 2448
2719 3847
2720 437
2720 452
2720 1048
2722 1596
2722 3362
2723 1133
2723 1953
2724 615
2724 2238
2725 1337
2725 3121
2727 298
2727 301
2727 1216
2727 2647
2727 3828
2728 182
2729 1582
2730 79
2732 1323
2732 3715
2737 541
2737 1620
2738 591
2738 1368
2738 2950
2739 1397
2741 2498
2744 3630
2749 803
2749 2064
2752 2852
2753 430
2753 1557
2753 2445
2754 3486
2754 3564
2755 2116
2755 3927
2756 2218
2758 859
2758 1339
2758 2340
2761 2260
2761 2564
2762 1040
2762 2945
2763 1444
2763 3902
2765 1160
2765 1305
2765 2956
2766 68
2766 470
2766 965
2766 1174
2766 1557
2766 2774
2766 3020
2766 3650
2770 206
2770 706
2770 817
2770 831
2770 1450
2770 2059
2770 2802
2770 3327
2771 1740
2773 228
2774 1557
2774 2051
2774 2766
2778 1133
2778 1862
2782 1137
2782 1402
2782 3352
2782 3390
2782 3651
2782 3928
2783 2684
2785 1824
2785 2235
2787 1648
2791 3155
2792 1597
2792 3138
2792 3363
2793 873
2795 470
2795 3638
2796 185
2796 444
2796 1678
2798 1934
2799 95
2799 185
2799 1853
2799 2396
2799 2636
2799 2803
2801 2298
2802 206
2802 598
2802 912
2802 973
2802 2022
2802 2149
2802 2423
2802 2694
2802 2770
2802 3327
2802 3344
2802 3365
2802 3583
2802 4013
2803 1431
2803 1555
2803 1680
2803 2122
2803 2799
2803 3565
2804 926
2807 1065
2809 2874
2811 3362
2813 385
2813 2675
2814 3457
2815 1246
2816 587
2816 973
2816 1653
2816 3048
2816 3699
2817 1216
2817 2384
2817 2588
2818 3483
2818 3909
2819 1663
2819 3115
2820 507
2820 752
2820 1850
2820 3055
2820 3982
2822 1181
2823 814
2823 866
2823 1953
2823 3005
2824 1194
2824 1223
2824 3986
2827 921
2829 421
2831 2564
2831 3360
2832 212
2833 2045
2834 52
2834 1701
2834 2302
2834 2888
2834 3185
2834 3421
2835 1674
2835 1958
2835 2217
2835 3002
2835 3367
2837 3457
2838 1689
2839 1869
2839 2358
2841 1058
2844 779
2844 870
2844 1975
2847 136
2847 3377
2850 330
2850 856
2850 2637
2850 3163
2852 300
2852 1260
2852 1678
2852 2752
2852 3659
2856 2938
2857 555
2857 636
2857 969
2857 1310
2857 1759
2857 1823
2857 2274
2857 2701
2857 2950
2857 3637
2857 3681
2861 3715
2862 2950
2863 445
2863 587
2863 832
2863 1670
2863 2376
2863 3048
2864 481
2864 1322
2864 2187
2864 2479
2864 3204
2864 3991
2865 1210
2865 1237
2866 1293
2866 4042
2867 4049
2869 227
2869 540
2870 200
2870 750
2870 2037
2870 3271
2872 502
2872 1263
2872 1513
2872 2936
2872 3022
2874 21
2874 201
2874 587
2874 874
2874 932
2874 1023
2874 1065
2874 1613
2874 2694
2874 2809
2874 3539
2875 1139
2875 1595
2875 2208
2875 2388
2875 2711
2875 3090
2877 806
2877 1227
2877 2533
2877 3044
2877 3124
2877 3162
2877 3542
2877 3547
2877 3955
2878 927
2879 3638
2880 494
2881 3362
2884 2408
2885 3640
2886 584
2886 3142
2888 2302
2888 2834
2889 646
2889 910
2889 1953
2889 3161
2891 1589
2892 542
2894 1480
2895 807
2895 3969
2898 339
2898 1902
2900 693
2900 922
2900 3362
2900 3773
2901 1665
2901 1753
2901 2967
2901 3242
2901 3677
2901 3929
2903 1019
2903 1447
2904 1506
2904 1796
2905 3042
2906 1005
2907 3758
2908 666
2908 858
2908 3362
2909 1585
2909 3806
2911 3381
2915 2076
2916 28
2916 1081
2916 1099
2916 1431
2916 1886
2916 3540
2916 3660
2916 4033
2917 200
2917 1636
2917 1678
2917 2050
2919 2281
2919 3744
2920 3831
2921 1811
2922 794
2922 1918
2922 3107
2922 3253
2922 3775
2922 3963
2923 2317
2923 3994
2924 2666
2925 868
2925 1000
2925 1621
2925 1678
2925 3889
2926 3639
2928 2402
2929 658
2931 221
2931 1724
2932 2122
2933 1069
2933 3434
2933 3550
2935 2066
2936 434
2936 1263
2936 2872
2936 3948
2937 1898
2937 3191
2937 3778
2938 2856
2938 3149
2939 1638
2940 1230
2940 1632
2942 128
2942 3441
2944 3918
2945 2762
2950 148
2950 176
2950 385
2950 392
2950 436
2950 555
2950 821
2950 849
2950 850
2950 932
2950 969
2950 973
2950 1039
2950 1046
2950 1225
2950 1736
2950 1759
2950 1823
2950 1879
2950 1943
2950 2071
2950 2077
2950 2274
2950 2275
2950 2279
2950 2294
2950 2407
2950 2447
2950 2694
2950 2738
2950 2857
2950 2862
2950 2997
2950 3140
2950 3175
2950 3366
2950 3394
2950 3533
2950 3625
2950 3634
2950 3681
2950 3688
2950 3716
2950 3742
2950 3842
2951 79
2951 750
2951 976
2951 3540
2952 1592
2952 1680
2952 3565
2955 79
2955 404
2955 546
2955 721
2955 2641
2955 3189
2955 3924
2956 253
2956 1007
2956 1160
2956 1305
2956 1576
2956 2765
2956 2989
2956 3621
2957 3338
2958 2496
2961 1956
2962 315
2962 1112
2963 655
2964 3021
2965 28
2965 200
2965 303
2965 1575
2965 2160
2965 2369
2965 3397
2965 3635
2966 3403
2967 1347
2967 1665
2967 1753
2967 2901
2967 3006
2967 3242
2967 3677
2967 3929
2969 362
2970 1048
2970 3960
2977 3847
2978 2089
2979 1598
2980 3751
2981 3632
2982 2192
2983 2161
2983 3681
2984 362
2985 606
2985 2143
2985 3285
2985 3885
2986 1726
2986 2247
2988 2119
2989 2956
2990 1285
2990 3127
2992 1394
2992 1704
2992 3619
2994 1511
2994 1618
2994 2687
2994 3549
2995 1244
2997 392
2997 587
2997 973
2997 1533
2997 1719
2997 2950
2997 3365
2997 3681
2997 3742
2998 1168
2998 1861
2999 1883
3000 505
3000 1224
3002 2425
3002 2835
3003 1103
3003 2408
3005 814
3005 866
3005 1953
3005 2823
3006 2967
3006 3677
3007 2202
3007 4055
3009 3084
3010 1678
3012 391
3012 1621
3012 3374
3013 483
3014 3477
3014 3764
3015 1220
3016 406
3018 129
3019 270
3019 1811
3020 68
3020 148
3020 220
3020 470
3020 597
3020 1161
3020 1557
3020 2173
3020 2175
3020 2282
3020 2766
3020 3460
3020 3650
3020 3923
3021 775
3021 839
3021 2964
3021 3762
3022 2872
3023 578
3024 369
3024 2294
3025 136
3025 329
3025 1117
3025 1148
3025 1544
3025 1585
3025 1660
3025 1792
3025 2080
3025 2203
3025 2244
3025 2532
3025 3062
3025 3118
3025 3439
3025 3532
3025 3562
3025 3887
3027 3860
3028 148
3028 206
3028 881
3028 3615
3028 3733
3028 3751
3029 155
3031 599
3031 1262
3031 3520
3031 3711
3032 1576
3032 2294
3033 1475
3033 3728
3034 1706
3034 1865
3034 3874
3037 1531
3041 3182
3042 282
3042 2351
3042 2394
3042 2905
3042 3715
3044 334
3044 441
3044 470
3044 806
3044 984
3044 1161
3044 1549
3044 1557
3044 2175
3044 2274
3044 2445
3044 2533
3044 2877
3044 3124
3045 96
3045 817
3045 824
3045 831
3045 1616
3045 1678
3045 1860
3045 1905
3045 2226
3045 3419
3045 3661
3047 3450
3048 210
3048 587
3048 639
3048 832
3048 874
3048 1585
3048 1662
3048 1670
3048 1904
3048 2103
3048 2816
3048 2863
3048 3362
3048 3751
3050 869
3050 3495
3051 3900
3052 1252
3053 699
3055 507
3055 752
3055 2820
3055 3982
3059 3536
3060 855
3061 476
3061 2096
3062 546
3062 1223
3062 1544
3062 2584
3062 3025
3062 3745
3062 3901
3063 1619
3064 3392
3064 3815
3066 548
3067 2322
3067 3831
3068 3457
3070 145
3071 330
3071 1254
3071 2637
3071 2690
3073 3102
3073 3362
3074 168
3074 1744
3075 264
3075 1433
3076 3082
3079 2065
3080 3896
3081 323
3081 827
3081 1621
3081 2029
3081 3467
3082 440
3082 730
3082 3076
3083 2079
3084 3009
3087 3387
3089 5
3089 200
3089 219
3089 369
3089 652
3089 927
3089 1255
3090 1595
3090 2711
3090 2875
3091 2250
3093 2659
3095 479
3095 1431
3095 1979
3097 827
3100 2
3100 97
3101 337
3101 1818
3101 3490
3101 3705
3102 385
3102 2703
3102 3073
3102 3169
3102 3362
3104 1744
3104 3831
3105 1483
3105 3929
3106 2322
3107 1238
3107 1918
3107 2922
3108 140
3108 1319
3108 3150
3110 200
3110 356
3110 1081
3110 3442
3110 3540
3111 1357
3112 1387
3115 2819
3116 3715
3117 13
3117 1905
3117 1993
3118 1792
3118 3025
3120 883
3120 1120
3120 1962
3120 2090
3120 3382
3120 3646
3120 4046
3121 138
3121 1473
3121 2725
3121 3387
3123 1336
3123 3607
3124 441
3124 806
3124 1549
3124 2877
3124 3044
3125 2260
3126 3306
3127 1285
3127 2990
3128 226
3128 2124
3130 450
3130 768
3130 1953
3130 1969
3130 3654
3133 3703
3135 1179
3135 4008
3136 1947
3137 1918
3137 2207
3137 3963
3138 251
3138 464
3138 1331
3138 1597
3138 2792
3140 2694
3140 2950
3142 470
3142 2886
3142 3402
3142 3681
3143 1932
3144 1418
3145 2561
3146 2266
3148 2116
3149 2938
3150 3108
3151 2309
3152 1489
3152 1744
3155 311
3155 2791
3157 2318
3158 874
3158 1706
3158 1907
3158 1939
3159 2389
3159 4045
3161 646
3161 910
3161 1953
3161 2889
3162 1549
3162 2877
3162 4001
3163 330
3163 856
3163 2850
3164 303
3164 809
3164 2153
3165 1797
3165 2000
3166 233
3166 1151
3167 1150
3167 3256
3167 3808
3168 252
3169 1800
3169 1882
3169 2703
3169 3102
3171 1005
3173 3828
3174 1288
3175 2950
3180 2481
3180 3205
3181 3363
3182 3041
3185 1712
3185 2834
3186 2187
3187 693
3189 417
3189 546
3189 721
3189 917
3189 979
3189 1515
3189 1907
3189 2068
3189 2416
3189 2584
3189 2955
3189 3439
3189 3441
3190 97
3190 475
3190 3277
3190 3551
3190 3615
3190 3959
3191 1481
3191 1829
3191 1898
3191 2267
3191 2937
3191 3778
3192 671
3192 1969
3193 1443
3194 1432
3195 3845
3197 753
3197 1824
3197 1953
3197 2220
3197 2675
3197 3520
3197 3706
3197 3715
3199 3253
3199 3775
3200 1063
3201 3335
3202 3868
3203 570
3203 2010
3204 54
3204 525
3204 696
3204 2561
3204 2864
3204 3586
3205 3180
3206 785
3206 1808
3207 148
3207 587
3207 1023
3207 1587
3208 1800
3208 2578
3217 1966
3217 4016
3218 56
3218 275
3218 464
3218 1494
3218 1625
3218 2375
3218 3399
3218 3457
3218 3654
3218 3679
3218 4016
3219 88
3224 16
3224 236
3225 613
3225 1562
3227 796
3228 2574
3228 3387
3229 1253
3229 3681
3231 2618
3231 3837
3232 3976
3233 986
3235 3540
3239 981
3240 1144
3242 952
3242 1753
3242 2901
3242 2967
3242 3929
3243 1992
3246 1744
3247 3918
3247 4009
3249 322
3249 3362
3249 4011
3250 87
3250 3715
3253 394
3253 739
3253 877
3253 2922
3253 3199
3253 3381
3253 3775
3253 3816
3254 997
3255 3309
3256 542
3256 770
3256 1099
3256 1150
3256 1879
3256 2345
3256 3167
3256 3540
3256 3615
3256 3808
3257 1406
3257 1491
3257 2294
3257 3739
3259 4035
3260 955
3262 810
3262 1953
3263 79
3264 1082
3264 3743
3265 260
3265 1005
3265 3960
3266 727
3266 3826
3271 137
3271 200
3271 750
3271 2870
3275 2493
3275 3563
3277 3190
3278 2634
3279 2447
3281 481
3281 1066
3281 1252
3281 1512
3281 2479
3282 94
3282 3710
3284 968
3284 1734
3285 1997
3285 2985
3285 3885
3288 386
3288 753
3289 73
3291 21
3291 427
3291 1716
3291 1738
3291 2093
3291 3841
3291 3886
3292 732
3293 1491
3293 3909
3296 3615
3297 2009
3298 3751
3299 3765
3300 832
3300 1811
3300 3420
3300 3457
3301 890
3302 136
3304 57
3305 2028
3306 3126
3307 1557
3307 2580
3307 2694
3309 932
3309 3255
3312 1094
3312 3846
3313 3507
3317 1470
3319 1847
3321 993
3321 1117
3321 1823
3321 2283
3322 698
3322 893
3323 1606
3323 2338
3327 206
3327 973
3327 1598
3327 2149
3327 2161
3327 2770
3327 2802
3328 880
3329 164
3334 562
3334 815
3335 1798
3335 3201
3336 2424
3337 4044
3338 2957
3339 619
3340 525
3340 696
3340 1322
3340 2040
3340 2428
3341 1570
3343 1677
3344 206
3344 2149
3344 2802
3344 3583
3345 2107
3348 3968
3349 103
3349 2505
3349 2604
3350 1254
3350 2105
3352 128
3352 1081
3352 1431
3352 2782
3355 304
3355 1149
3356 1520
3356 1765
3357 302
3358 4034
3359 3840
3360 799
3360 1400
3360 1686
3360 1940
3360 2564
3360 2831
3362 209
3362 268
3362 288
3362 358
3362 495
3362 546
3362 587
3362 657
3362 666
3362 710
3362 780
3362 832
3362 858
3362 947
3362 1187
3362 1585
3362 1596
3362 1668
3362 1678
3362 1779
3362 1983
3362 1999
3362 2297
3362 2322
3362 2376
3362 2628
3362 2704
3362 2722
3362 2811
3362 2881
3362 2900
3362 2908
3362 3048
3362 3073
3362 3102
3362 3249
3362 3411
3362 3439
3362 3594
3362 3652
3362 3773
3362 3879
3363 992
3363 993
3363 2792
3363 3181
3363 3464
3363 3987
3365 392
3365 546
3365 973
3365 1177
3365 1533
3365 1662
3365 1904
3365 2274
3365 2694
3365 2802
3365 2997
3365 3699
3365 3751
3366 2950
3367 2217
3367 2835
3368 1875
3368 2366
3369 837
3369 1239
3369 1493
3370 552
3370 1439
3370 2070
3370 2257
3371 2478
3372 948
3372 1528
3372 1958
3373 511
3373 2098
3373 2642
3374 3012
3375 242
3376 481
3377 2847
3379 1099
3379 1327
3379 1394
3379 1741
3379 2239
3379 2534
3379 2689
3379 3540
3379 3927
3380 2427
3381 739
3381 2911
3381 3253
3381 3852
3382 167
3382 1301
3382 3120
3382 3406
3382 3670
3382 3911
3383 926
3386 1108
3387 206
3387 1008
3387 2533
3387 3087
3387 3121
3387 3228
3387 3576
3390 2782
3392 3064
3392 3815
3393 1200
3393 3756
3394 555
3394 1046
3394 2950
3396 1963
3396 3785
3397 200
3397 303
3397 1575
3397 2160
3397 2965
3398 1136
3398 1316
3398 1700
3398 2556
3399 275
3399 464
3399 3218
3402 470
3402 3142
3403 2966
3405 21
3405 263
3406 140
3406 871
3406 3382
3406 3524
3410 72
3410 4005
3411 3362
3412 2353
3415 3831
3416 123
3416 1101
3416 1844
3416 2328
3416 2350
3416 3492
3418 966
3418 1996
3419 645
3419 824
3419 917
3419 3045
3420 3300
3421 1072
3421 1161
3421 1919
3421 2834
3422 2620
3424 2327
3426 1949
3426 2364
3427 1237
3428 2099
3429 859
3434 2933
3435 464
3436 614
3437 559
3438 1442
3439 546
3439 917
3439 1347
3439 1515
3439 1907
3439 1983
3439 2628
3439 2701
3439 3025
3439 3189
3439 3362
3439 3681
3439 3887
3441 546
3441 979
3441 2093
3441 2942
3441 3189
3442 3110
3442 3540
3446 1563
3447 3909
3448 1273
3448 3525
3450 3047
3452 2376
3452 2535
3453 400
3453 2110
3454 476
3456 278
3456 1161
3456 1724
3456 2267
3456 2673
3457 58
3457 231
3457 299
3457 337
3457 419
3457 552
3457 710
3457 1415
3457 1811
3457 2240
3457 2253
3457 2333
3457 2402
3457 2528
3457 2567
3457 2635
3457 2645
3457 2814
3457 2837
3457 3068
3457 3218
3457 3300
3457 3520
3457 3529
3457 3531
3457 3711
3457 3813
3457 3858
3457 3906
3460 68
3460 470
3460 1225
3460 2282
3460 3020
3461 953
3461 4027
3463 2562
3463 3693
3464 3363
3465 723
3466 1255
3467 2039
3467 3081
3468 3973
3470 177
3470 470
3472 799
3472 2023
3474 1597
3474 2236
3474 2267
3474 2365
3474 3723
3475 530
3475 546
3477 3014
3477 3764
3478 1181
3480 1611
3482 1706
3483 2818
3484 479
3484 1921
3486 212
3486 2754
3486 3507
3487 1575
3489 79
3489 837
3490 337
3490 1818
3490 3101
3490 3705
3491 4043
3492 1533
3492 3416
3492 3532
3494 1826
3495 869
3495 3050
3496 1807
3497 573
3497 1099
3498 385
3498 1193
3501 3709
3502 1277
3502 3751
3502 3781
3503 966
3504 229
3504 1248
3505 2319
3506 1271
3506 3735
3507 1208
3507 3313
3507 3486
3508 479
3508 1740
3509 581
3512 2159
3514 3831
3515 427
3515 1621
3515 2029
3516 194
3516 1112
3519 1140
3519 2365
3520 1262
3520 2333
3520 3031
3520 3197
3520 3457
3520 3711
3522 782
3522 1322
3523 2547
3523 3874
3524 3406
3525 1273
3525 3448
3526 1112
3526 2465
3527 912
3527 2149
3529 3457
3530 118
3531 3457
3531 3813
3532 3025
3532 3492
3533 969
3533 1039
3533 1736
3533 2279
3533 2950
3534 1517
3534 1602
3534 2526
3536 3059
3537 218
3537 2584
3537 3817
3539 201
3539 807
3539 2874
3539 3601
3540 20
3540 28
3540 542
3540 615
3540 750
3540 824
3540 976
3540 1081
3540 1099
3540 1237
3540 1431
3540 1668
3540 1730
3540 1879
3540 1886
3540 1905
3540 2116
3540 2239
3540 2916
3540 2951
3540 3110
3540 3235
3540 3256
3540 3379
3540 3442
3540 3615
3540 3634
3540 3660
3542 1557
3542 2877
3542 3547
3544 868
3544 1636
3545 83
3546 1823
3547 2877
3547 3542
3548 2023
3549 1511
3549 1618
3549 2687
3549 2994
3550 2933
3551 3190
3553 1993
3554 1214
3561 172
3561 671
3562 329
3562 3025
3563 2493
3563 3275
3564 2754
3565 1680
3565 2122
3565 2803
3565 2952
3565 3657
3566 565
3568 3946
3570 1550
3574 552
3574 1656
3574 3822
3575 2564
3576 470
3576 634
3576 1829
3576 2173
3576 3387
3577 632
3578 247
3578 838
3578 1052
3578 1470
3581 1110
3583 206
3583 1263
3583 2022
3583 2149
3583 2802
3583 3344
3583 3601
3586 525
3586 3204
3587 1780
3591 2613
3593 1711
3594 268
3594 947
3594 1418
3594 2376
3594 3362
3597 710
3598 2682
3599 1191
3599 2508
3600 916
3601 201
3601 209
3601 807
3601 2322
3601 3539
3601 3583
3601 3905
3603 1333
3603 1349
3604 644
3606 1557
3607 1336
3607 3123
3611 1344
3614 37
3614 1610
3615 210
3615 371
3615 475
3615 542
3615 639
3615 742
3615 1005
3615 1879
3615 1976
3615 3028
3615 3190
3615 3256
3615 3296
3615 3540
3615 3781
3615 3959
3616 277
3616 379
3616 2458
3617 4029
3618 314
3619 2992
3621 2956
3623 3751
3624 4
3624 1892
3625 973
3625 2694
3625 2950
3627 981
3627 1181
3627 2362
3629 369
3629 3938
3630 2744
3632 42
3632 1387
3632 2216
3632 2981
3634 750
3634 2275
3634 2950
3634 3540
3635 2160
3635 2965
3637 636
3637 2857
3637 3681
3638 470
3638 632
3638 778
3638 2795
3638 2879
3638 3682
3638 4022
3639 2926
3640 2885
3644 426
3644 466
3644 470
3644 1627
3644 2131
3644 2286
3645 804
3645 4003
3646 376
3646 883
3646 1979
3646 3120
3646 3943
3647 685
3647 1249
3650 68
3650 470
3650 1161
3650 1557
3650 2766
3650 3020
3651 72
3651 1095
3651 1137
3651 2782
3651 3928
3652 3362
3654 72
3654 259
3654 1470
3654 1494
3654 1893
3654 2378
3654 3130
3654 3218
3654 3679
3654 4047
3655 72
3657 1680
3657 2122
3657 3565
3659 300
3659 776
3659 1260
3659 2852
3660 1081
3660 2916
3660 3540
3661 96
3661 200
3661 395
3661 1567
3661 1678
3661 2226
3661 3045
3663 913
3664 85
3665 976
3666 838
3666 2220
3668 1236
3668 3917
3670 2127
3670 3382
3672 3870
3672 3909
3673 2304
3676 225
3676 2654
3677 838
3677 874
3677 1665
3677 2901
3677 2967
3677 3006
3678 333
3679 1494
3679 1893
3679 3218
3679 3654
3680 499
3680 2275
3681 72
3681 555
3681 636
3681 888
3681 969
3681 973
3681 1310
3681 1347
3681 1376
3681 1759
3681 1823
3681 2049
3681 2274
3681 2694
3681 2701
3681 2857
3681 2950
3681 2983
3681 2997
3681 3142
3681 3229
3681 3439
3681 3637
3681 3928
3681 3972
3682 470
3682 2149
3682 3638
3683 2560
3684 2196
3685 1274
3687 1463
3688 148
3688 288
3688 973
3688 2950
3691 288
3691 1905
3692 3948
3693 2562
3693 3463
3694 3948
3698 2489
3698 2605
3699 973
3699 1653
3699 1745
3699 2694
3699 2816
3699 3365
3701 136
3702 589
3702 3807
3703 3133
3705 337
3705 3101
3705 3490
3706 3197
3708 2479
3708 2564
3708 2695
3709 3501
3710 94
3710 3282
3711 1262
3711 3031
3711 3457
3711 3520
3713 799
3713 817
3713 1000
3713 1013
3713 1754
3713 1940
3713 2342
3713 2464
3715 3
3715 87
3715 1323
3715 1470
3715 1953
3715 2208
3715 2675
3715 2679
3715 2732
3715 2861
3715 3042
3715 3116
3715 3197
3715 3250
3715 3768
3715 3892
3716 969
3716 1046
3716 1544
3716 2950
3721 1430
3722 2467
3723 127
3723 1252
3723 3474
3724 1279
3724 1342
3724 3779
3725 2412
3728 415
3728 1475
3728 3033
3730 1377
3731 1843
3731 4031
3732 3771
3733 3028
3735 193
3735 944
3735 1271
3735 2380
3735 3506
3738 252
3739 1491
3739 3257
3740 1294
3741 1465
3742 392
3742 2950
3742 2997
3743 1135
3743 3264
3744 2281
3744 2919
3745 546
3745 1570
3745 3062
3748 138
3749 288
3751 206
3751 277
3751 546
3751 817
3751 1065
3751 1177
3751 1277
3751 1362
3751 1376
3751 1576
3751 1662
3751 1706
3751 1756
3751 1904
3751 1976
3751 2678
3751 2694
3751 2980
3751 3028
3751 3048
3751 3298
3751 3365
3751 3502
3751 3623
3751 3781
3751 3792
3751 3972
3756 3393
3757 1886
3758 2907
3762 839
3762 3021
3764 280
3764 3014
3764 3477
3765 3299
3766 2123
3766 2671
3767 3908
3768 3
3768 2679
3768 3715
3768 3892
3771 1597
3771 1871
3771 3732
3772 2650
3773 2900
3773 3362
3775 2922
3775 3199
3775 3253
3778 1898
3778 2937
3778 3191
3779 3724
3780 3951
3781 742
3781 1277
3781 3502
3781 3615
3781 3751
3783 6
3783 829
3783 3980
3784 3803
3785 819
3785 906
3785 1237
3785 1654
3785 3396
3789 2238
3790 1499
3792 3751
3794 2695
3798 1334
3799 239
3800 116
3800 3934
3803 721
3803 2444
3803 2569
3803 3784
3806 1585
3806 2909
3807 589
3807 1178
3807 3702
3808 1150
3808 3167
3808 3256
3810 1041
3810 1455
3811 1335
3812 1581
3813 3457
3813 3531
3815 3064
3815 3392
3816 3253
3817 3537
3820 684
3821 1202
3822 1586
3822 2112
3822 3574
3824 514
3826 727
3826 1647
3826 3266
3827 2234
3828 301
3828 1800
3828 2727
3828 3173
3828 3857
3830 171
3831 737
3831 1622
3831 1741
3831 1744
3831 2006
3831 2389
3831 2920
3831 3067
3831 3104
3831 3415
3831 3514
3833 1607
3835 740
3837 3231
3838 148
3838 1477
3840 3359
3841 395
3841 831
3841 1698
3841 2093
3841 2585
3841 2600
3841 3291
3841 3971
3842 385
3842 969
3842 1557
3842 2950
3844 1844
3845 2667
3845 3195
3846 3312
3847 564
3847 2719
3847 2977
3848 138
3850 1519
3850 2440
3851 925
3852 3381
3854 148
3854 392
3855 2408
3856 1875
3856 2665
3857 2236
3857 3828
3858 3457
3859 1495
3860 3027
3862 1298
3866 563
3866 716
3867 500
3868 3202
3869 100
3869 339
3869 1256
3870 3672
3873 476
3874 344
3874 1530
3874 2547
3874 3034
3874 3523
3877 375
3877 1099
3878 726
3878 1108
3878 1678
3879 1108
3879 1718
3879 3362
3881 160
3881 1800
3882 2452
3883 3927
3884 2270
3885 2133
3885 2985
3885 3285
3886 1716
3886 3291
3887 3025
3887 3439
3888 546
3889 48
3889 1567
3889 1621
3889 2925
3890 1411
3892 3
3892 2679
3892 3715
3892 3768
3895 844
3895 884
3895 1064
3895 1935
3896 3080
3899 1509
3900 1085
3900 3051
3901 1337
3901 3062
3902 2763
3903 163
3903 827
3904 379
3904 445
3904 666
3904 1462
3904 1783
3905 3601
3906 1903
3906 3457
3908 3767
3909 2818
3909 3293
3909 3447
3909 3672
3910 963
3911 1064
3911 3382
3912 328
3915 542
3917 3668
3918 263
3918 2944
3918 3247
3918 4009
3923 68
3923 220
3923 1161
3923 1557
3923 2175
3923 3020
3924 721
3924 844
3924 1226
3924 1953
3924 2086
3924 2955
3927 2755
3927 3379
3927 3883
3928 72
3928 1095
3928 2782
3928 3651
3928 3681
3929 1061
3929 1753
3929 2382
3929 2901
3929 2967
3929 3105
3929 3242
3930 727
3932 1210
3934 116
3934 3800
3935 2215
3935 2360
3938 3629
3939 119
3939 1003
3941 1972
3943 602
3943 3646
3946 3568
3948 2936
3948 3692
3948 3694
3950 2013
3951 1422
3951 1581
3951 3780
3954 2229
3955 1227
3955 1601
3955 2533
3955 2877
3959 475
3959 3190
3959 3615
3960 260
3960 330
3960 1048
3960 1313
3960 1498
3960 2970
3960 3265
3961 2097
3963 794
3963 2316
3963 2922
3963 3137
3968 2452
3968 3348
3969 374
3969 625
3969 974
3969 1988
3969 2895
3970 1470
3970 2208
3971 1698
3971 2442
3971 3841
3972 206
3972 3681
3972 3751
3973 1720
3973 3468
3976 3232
3980 6
3980 1449
3980 3783
3982 392
3982 507
3982 752
3982 1850
3982 2703
3982 2708
3982 2820
3982 3055
3983 244
3985 814
3985 1772
3985 2147
3985 2186
3985 2499
3985 2607
3986 1223
3986 2824
3987 992
3987 3363
3991 481
3991 2864
3992 1402
3992 2688
3994 2317
3994 2923
3995 493
3995 546
3995 931
3995 997
3995 1431
3995 2467
3995 2674
3999 1421
4001 2275
4001 3162
4002 392
4002 752
4003 148
4003 206
4003 3645
4005 72
4005 3410
4006 789
4006 1009
4006 1679
4007 1380
4007 1597
4007 1871
4007 2067
4007 2607
4008 3135
4009 2162
4009 3247
4009 3918
4011 322
4011 565
4011 3249
4012 2369
4013 405
4013 1081
4013 2802
4014 2004
4016 1625
4016 1966
4016 3217
4016 3218
4019 780
4022 3638
4024 1501
4024 1583
4026 447
4026 546
4027 953
4027 1337
4027 1376
4027 3461
4028 1238
4029 3617
4030 2129
4031 3731
4033 1099
4033 1435
4033 2916
4034 1314
4034 1491
4034 1929
4034 2575
4034 2669
4034 3358
4035 3259
4042 748
4042 2866
4043 1839
4043 3491
4044 3337
4045 1744
4045 2389
4045 2659
4045 3159
4046 883
4046 3120
4047 3654
4048 710
4048 1166
4049 2867
4050 767
4055 245
4055 1286
4055 2202
4055 3007
