0 3300
1 3510
2 1574
3 2563
4 1279
5 6175
6 7263
7 6630
8 8696
9 2229
10 386
11 6131
12 2605
13 6454
14 6437
15 6679
16 2230
17 3858
18 6556
19 9629
20 4522
21 6016
22 2061
23 424
24 4269
25 4629
26 4947
27 1453
28 1868
29 6062
30 4864
31 965
32 3398
33 4947
34 8468
35 7140
36 3800
37 9853
38 6190
39 1724
40 8481
41 4976
42 8007
43 6811
44 4571
45 8835
46 66
47 5926
48 6196
49 1816
50 4732
51 6870
52 7909
53 6024
54 2939
55 3710
56 5707
57 602
58 7859
59 6811
60 9379
61 2605
62 3631
63 9497
64 3533
65 8514
66 8269
66 9620
67 5396
68 1512
69 6437
70 1661
71 4031
72 505
73 1832
74 1070
75 6437
76 6214
77 9636
78 1757
79 9439
80 1922
81 8656
82 854
83 510
84 9702
85 9688
86 8979
87 6703
88 3847
89 6588
90 7570
91 2362
92 1635
93 7002
94 9688
95 1821
96 2792
97 6586
98 5632
99 5789
100 3203
101 2146
102 259
103 8201
104 3218
105 5724
106 7608
107 3305
108 424
109 8042
110 295
111 8916
112 5724
113 6586
114 4977
115 2124
116 8868
117 9471
118 2302
119 6061
120 2411
121 897
122 6024
123 8659
124 9688
125 6437
126 1556
127 6024
128 4952
129 5882
130 1600
131 3818
132 3150
133 3121
134 8151
135 1749
136 6979
137 3869
138 7727
139 386
140 2762
141 9090
142 133
143 9702
144 1600
145 4341
146 4732
147 7734
148 3858
149 4336
150 7847
151 9439
152 2902
153 1556
154 4050
155 7382
156 6673
157 9702
158 6758
159 1962
160 9298
161 6955
162 1610
163 8267
164 9296
165 6437
166 319
167 5646
168 4889
169 2784
170 8659
171 2542
172 3775
173 5316
174 1600
175 2666
176 4473
177 9487
178 765
179 6437
180 7799
181 3041
182 1389
183 6062
184 7233
185 2666
186 9870
187 7192
188 931
189 8195
190 7552
191 1704
192 4685
193 9044
194 5724
195 3312
196 6622
197 3854
198 505
199 2666
200 9863
201 7393
202 6437
203 7847
204 2545
205 2830
206 9123
207 7458
208 717
209 1128
210 3970
211 7734
211 5421
212 720
213 7996
214 8468
215 6024
216 9501
217 2924
218 8304
219 855
220 6586
221 1358
222 66
223 5092
224 3075
225 5722
226 828
227 9235
228 4844
229 173
230 6228
231 2398
232 8659
233 4371
234 6039
235 2036
236 8472
237 9702
238 4160
239 7192
240 7223
241 7263
242 1875
243 4844
244 9659
245 5381
246 3710
247 5396
248 6437
249 5414
250 8714
251 3321
252 8311
253 9911
254 4694
255 4759
256 249
257 3385
258 2666
259 7263
260 2258
261 1556
262 9813
263 9026
264 467
265 6040
266 505
267 2260
268 6648
269 2841
270 9611
271 6024
272 2465
273 6612
274 6972
275 9870
276 8267
277 7552
278 7734
279 2255
280 6190
281 4670
282 4825
283 9691
284 9422
285 1556
286 386
287 2210
288 3099
289 3854
290 4341
291 3056
292 6437
293 4820
294 9636
295 9792
296 7734
297 4260
298 8209
299 7734
300 6437
301 6228
302 9400
303 6061
304 6402
305 1661
306 1816
307 5396
308 7782
309 6437
310 9978
311 2735
312 9163
313 5532
314 6255
315 2260
316 6437
317 6586
318 4889
319 7466
320 2865
321 6097
322 1600
323 3262
324 424
325 9235
326 3632
327 7848
328 6586
329 7204
330 6034
331 505
332 6039
333 6338
334 4817
335 4807
336 2032
337 4341
338 352
339 6437
340 4354
341 3267
342 4590
343 9986
344 6437
345 2762
346 1751
347 8292
348 4157
349 3398
350 4606
351 9181
352 4332
353 6437
354 6770
355 6210
356 1474
357 2250
358 9702
359 5396
360 3310
361 6024
362 3443
363 4341
364 4860
365 2754
366 8481
367 4571
368 8065
369 6085
370 4051
371 4947
372 966
373 6437
374 2258
375 2998
375 7742
376 4524
377 6061
378 164
379 6828
380 1875
381 7959
382 6164
383 9776
384 8007
385 1556
386 9354
387 4870
388 3443
389 7261
390 8629
391 9286
392 3589
393 7666
394 2260
395 9595
396 2342
397 1556
398 1556
399 6021
400 9601
401 4679
402 9390
403 8031
404 9690
405 6040
406 1556
407 3310
408 7233
409 4670
410 2258
411 965
412 9687
413 3955
414 7590
415 7709
416 8659
417 9173
418 2407
419 4092
420 2762
421 7263
422 5514
423 8683
424 1501
425 2666
426 2079
427 4097
428 3000
429 2242
430 3203
431 8036
432 5766
433 8891
434 2398
435 9878
436 8229
437 1863
438 4341
439 2507
440 5402
441 6588
442 852
443 8462
444 1453
445 5115
446 5650
447 7734
448 5532
449 9584
450 8891
451 2228
452 6177
453 803
454 4805
455 3521
456 6890
457 7862
458 6353
459 6437
460 1661
461 1749
462 9422
463 319
464 965
465 9026
466 6596
467 2924
468 6437
469 5396
470 9684
471 3896
472 505
473 5336
474 3595
475 2876
476 6648
477 8329
478 6310
479 492
480 2303
481 9690
482 7824
483 8151
484 6611
485 1501
486 5789
487 2165
488 7230
489 2384
490 7368
491 4086
492 6646
493 1592
494 7734
495 1556
496 563
497 7
498 5724
499 5409
500 9063
501 2213
502 8075
503 3894
504 6790
505 3973
506 7552
507 1556
508 6190
509 6437
510 3494
511 6437
512 7466
513 2732
514 3119
515 9688
516 3675
517 1187
518 8621
519 2097
520 6228
521 6437
522 7696
523 7263
524 3042
525 7847
526 9702
527 9702
528 7192
529 7552
530 9885
531 3496
532 8197
533 5428
534 5033
535 3955
536 9926
537 5646
538 7198
539 7053
540 9729
541 7408
542 495
543 5993
544 6021
545 3652
546 1386
547 4952
548 6520
549 611
550 1661
551 7921
552 5409
553 9878
554 9688
555 1202
556 1816
557 9702
558 8594
559 7180
560 3858
561 3018
562 2605
563 6399
564 6255
565 7505
566 5722
567 1765
568 5165
569 3292
570 6036
571 4341
572 4691
573 3009
574 2507
575 4341
576 3110
577 6437
578 1556
579 2879
580 424
581 182
582 2924
583 7734
584 5286
585 2371
586 8661
587 8007
588 4634
589 5181
590 1556
591 4669
592 6161
593 1556
594 2545
595 280
596 2784
597 604
598 9317
599 2258
600 7734
601 1285
602 1490
603 6842
604 8873
605 1875
606 2545
607 7344
608 5959
609 1453
610 5357
611 9088
612 8494
613 7550
614 9422
615 6024
616 8019
617 3733
618 3710
619 6437
620 4190
621 5409
622 6175
623 6975
624 424
625 6770
626 9247
627 2691
628 5646
629 9651
630 5782
631 2492
632 9597
633 5710
634 6283
635 6678
636 1556
637 1556
638 8529
639 8300
640 6024
641 3796
642 8312
643 1556
644 6366
645 7037
646 3983
647 6586
648 1556
649 5421
650 6437
651 2258
652 6437
653 584
654 8808
655 6642
656 6190
657 4838
658 3561
659 1875
660 4341
661 6760
662 6437
663 8084
664 1189
665 6024
666 8255
667 3075
668 9792
669 69
670 6437
671 7755
672 4031
673 2831
674 4607
675 880
676 6437
677 1556
678 128
679 4971
680 120
681 8311
682 5915
683 9254
684 3631
685 1281
686 2666
687 4868
688 2023
689 6437
690 6024
691 3194
692 8313
693 5293
694 5829
695 4168
696 1661
697 6338
698 1915
699 6687
700 965
701 136
702 3079
703 120
704 8899
705 6437
706 5646
707 2924
708 6289
709 4899
710 6646
711 863
712 9687
713 2384
714 3066
715 8530
716 4341
717 7368
718 5220
719 9687
720 5396
721 6353
722 5311
723 9356
724 176
725 1174
726 5165
727 4679
728 9176
729 9640
730 3579
731 1387
732 9560
733 2542
734 1604
735 4341
736 286
737 9702
738 523
739 7544
740 8548
741 7696
742 2258
743 6630
744 5409
745 584
746 6177
747 9422
748 2432
749 6310
750 128
751 3632
752 9687
753 8007
754 2137
755 3436
756 7565
757 2199
758 9925
759 1661
760 2762
761 7263
762 2258
763 2252
764 6024
765 9408
766 1175
767 5883
768 1205
769 1841
770 5908
771 4821
772 5245
773 9813
774 3
775 1556
776 2943
777 1111
778 5165
779 8468
780 3277
781 2258
782 1556
783 2732
784 8995
785 6437
786 6437
787 781
788 5221
789 9158
790 7795
791 5767
792 5857
793 9439
794 1556
795 2342
796 6437
797 5721
798 4606
799 1239
800 4076
801 5311
802 720
803 4242
804 2407
805 8468
806 6955
807 3199
808 386
809 7925
810 1251
811 3081
812 9204
813 7250
814 1556
815 6958
816 1745
817 9140
818 720
819 1398
820 9702
821 4763
822 9144
823 3121
824 7401
825 9986
826 2921
827 2732
828 4014
829 2504
830 2661
831 1955
832 492
833 1556
834 965
835 6437
836 4691
837 6297
838 8289
839 9211
840 4729
841 3974
842 9433
843 7231
844 5023
845 6436
846 3970
847 2895
848 4800
849 5396
850 4952
851 2097
852 5474
853 1516
854 2769
855 9599
856 8656
857 2371
858 7795
859 6437
860 720
861 1816
862 9317
863 8961
864 133
865 2732
866 5115
867 9516
868 4020
869 6991
870 3964
871 1600
872 2260
873 5421
874 3932
875 9776
876 4086
877 6991
878 2124
879 7359
880 675
881 4807
882 4837
883 3246
884 1446
885 6437
886 71
887 2639
888 1600
889 854
890 6062
891 9702
892 6437
893 6437
894 1163
895 1501
896 1600
897 6228
898 5165
899 897
900 4051
901 8594
902 2432
903 9058
904 4612
905 1556
906 3443
907 3649
908 6437
909 9422
910 3835
911 6226
912 2559
913 9729
914 6945
915 8555
916 1661
917 9517
918 8121
919 2398
920 8760
921 1406
922 953
923 6646
924 7019
925 9795
926 2892
927 6281
928 6725
929 8590
930 3542
931 188
932 9891
933 5924
934 5409
935 5702
936 7552
937 3137
938 8594
939 408
940 648
941 6289
942 5438
943 6437
944 4289
945 1453
946 1522
947 1622
948 5042
949 7002
950 3955
951 1804
952 6040
953 5597
954 3800
955 467
956 6437
957 4031
958 4341
959 7257
960 9062
961 128
962 1835
963 6975
964 866
965 4430
966 953
967 6437
968 3710
969 8548
970 7970
971 6673
972 2861
973 9702
974 8468
975 5600
976 777
977 7257
978 5956
979 467
980 9776
981 6228
982 3851
983 1522
984 7216
985 5932
986 2939
987 3778
988 2258
989 3869
990 1661
991 8065
992 4682
993 962
994 6161
995 4607
996 1288
997 9776
998 8362
999 7187
1000 1231
1001 6437
1002 3021
1003 8120
1004 128
1005 6161
1006 9163
1007 2507
1008 6437
1009 6437
1010 7709
1011 9484
1012 3858
1013 6268
1014 8028
1015 4687
1016 6024
1017 4874
1018 1600
1019 3554
1020 4196
1021 4289
1022 5724
1023 4454
1024 6437
1025 1635
1026 505
1027 8866
1028 1373
1029 3851
1030 8185
1031 8468
1032 6024
1033 6437
1034 1167
1035 8231
1036 2507
1037 917
1038 1600
1039 688
1040 3412
1041 6255
1042 8223
1043 966
1044 7852
1045 965
1046 9513
1047 9179
1048 6437
1049 1962
1050 6131
1051 2970
1052 7899
1053 6945
1054 3230
1055 1556
1056 9497
1057 8436
1058 8931
1059 1816
1060 1600
1061 1516
1062 2398
1063 4060
1064 9813
1065 2342
1066 6191
1067 4516
1068 4132
1069 2351
1070 3869
1071 6161
1072 5731
1073 316
1074 7230
1075 9123
1076 4347
1077 7494
1078 25
1079 9283
1080 1556
1081 2210
1082 5418
1083 3018
1084 6437
1085 6596
1086 720
1087 9439
1088 965
1089 8356
1090 7734
1091 7192
1092 720
1093 1410
1094 8584
1095 9577
1096 1654
1097 1867
1098 3934
1099 6828
1100 5529
1101 3854
1102 563
1103 1661
1104 3286
1105 9629
1106 7661
1107 8755
1108 7192
1109 3934
1110 3796
1111 3710
1112 7981
1113 9978
1114 6743
1115 8597
1116 1501
1117 6437
1118 4889
1119 1578
1120 1556
1121 69
1122 688
1123 4341
1124 5258
1125 5532
1126 4416
1127 4759
1128 3194
1129 6437
1130 6289
1131 9980
1132 3000
1133 5863
1134 1501
1135 8429
1136 7362
1137 6699
1138 9325
1139 2260
1140 3203
1141 133
1142 3333
1143 1661
1144 8084
1145 6842
1146 3278
1147 9776
1148 492
1149 4239
1150 4844
1151 5721
1152 1962
1153 1474
1154 7089
1155 2342
1156 424
1157 6062
1158 1453
1159 2586
1160 7037
1161 9792
1162 5788
1163 4847
1164 6289
1165 7437
1166 9353
1167 2342
1168 1556
1169 9499
1170 6437
1171 6437
1172 424
1173 3474
1174 4571
1175 5409
1176 1398
1177 9688
1178 9978
1179 423
1180 4897
1181 3010
1182 1839
1183 6495
1184 6396
1185 1506
1186 9813
1187 8927
1188 6024
1189 5311
1190 2605
1191 3710
1192 9176
1193 1775
1194 8007
1195 9776
1196 2666
1197 9452
1198 1656
1199 3869
1200 505
1201 5396
1202 555
1203 1262
1204 1556
1205 768
1206 5532
1207 2460
1208 9516
1209 8899
1210 8598
1211 8356
1212 6289
1213 6268
1214 1556
1215 6504
1216 1854
1217 9346
1218 424
1219 2946
1220 5735
1221 4759
1222 505
1223 9648
1224 6024
1225 6975
1226 6387
1227 6975
1228 6437
1229 6024
1230 6437
1231 4289
1232 6913
1233 9565
1234 6464
1235 8065
1236 5391
1237 8201
1238 7726
1238 4333
1239 1556
1240 1042
1241 9964
1242 6312
1243 4759
1244 1398
1245 5928
1246 3601
1247 6770
1248 4870
1249 8513
1249 3258
1250 4207
1251 8007
1252 6811
1253 5321
1254 1211
1255 128
1256 6081
1257 5483
1258 492
1259 7755
1260 9737
1261 1757
1262 30
1263 4732
1264 6437
1265 5268
1266 9168
1267 6465
1268 4571
1269 1812
1270 9617
1271 9422
1272 8509
1273 9813
1274 1635
1275 5847
1276 151
1277 1556
1278 3432
1279 7263
1280 3189
1281 685
1282 718
1283 3137
1284 5661
1285 8421
1286 5396
1287 5863
1288 2302
1289 6103
1290 3040
1291 2347
1292 61
1293 5878
1294 8468
1295 7570
1296 4242
1297 2371
1298 6161
1299 4829
1300 6179
1301 9565
1302 6437
1303 4629
1304 6468
1305 9141
1306 5522
1307 8065
1308 9918
1309 2302
1310 2783
1311 6024
1312 9296
1313 9612
1314 8808
1315 1025
1316 3979
1317 5421
1318 4864
1319 1661
1320 6437
1321 7709
1322 6436
1323 9711
1324 6128
1325 3009
1326 30
1327 2545
1328 5686
1329 5919
1330 7344
1331 1991
1332 7231
1333 6310
1334 4897
1335 5585
1336 5592
1337 9235
1338 756
1339 3955
1340 3858
1341 5514
1342 6361
1343 9355
1344 8262
1345 1775
1346 6024
1347 467
1348 3263
1349 6024
1350 2762
1351 6630
1352 5650
1353 6161
1354 9957
1355 2931
1356 3301
1357 3194
1358 7871
1359 9853
1360 6717
1361 467
1362 9822
1363 5396
1364 4626
1365 8806
1366 4203
1367 2666
1368 6768
1369 7192
1370 2835
1371 1600
1372 8080
1373 1654
1374 5165
1375 6437
1376 1600
1377 1386
1378 8121
1379 1884
1380 3075
1381 5646
1382 3754
1383 1025
1384 1373
1385 9640
1386 6437
1387 731
1388 4037
1389 7437
1390 3009
1391 2258
1392 9785
1393 5333
1394 7430
1395 5982
1396 1344
1397 4220
1398 8634
1399 4958
1400 2199
1401 6811
1402 2371
1403 5646
1404 6437
1405 9702
1406 7786
1407 7231
1408 9776
1409 6380
1410 9338
1411 9103
1412 5908
1413 2603
1414 7216
1415 5396
1416 2323
1417 866
1418 3579
1419 1965
1420 3041
1421 3367
1422 9458
1423 3894
1424 5514
1425 5404
1426 505
1427 9179
1428 5522
1429 5593
1430 7230
1431 5710
1432 2666
1433 829
1434 5514
1435 30
1436 9317
1437 9419
1438 1726
1439 8328
1440 3308
1441 4030
1442 1556
1443 1799
1444 3659
1445 9600
1446 4205
1447 720
1448 1450
1449 6437
1450 1474
1451 4882
1452 2068
1453 6588
1454 6255
1455 3507
1456 6432
1457 6437
1458 3894
1459 6251
1460 8015
1461 8938
1462 8741
1463 3789
1464 1600
1465 1556
1466 5342
1467 7552
1468 2316
1469 2533
1470 1490
1471 4606
1472 2258
1473 6437
1474 4454
1475 2398
1476 505
1477 4394
1478 3730
1479 1568
1480 5587
1481 3109
1482 5823
1483 1759
1484 8213
1485 6025
1486 7187
1487 2668
1488 1916
1489 2813
1490 602
1491 6437
1492 9802
1493 9986
1494 2384
1495 8390
1496 3710
1497 6134
1498 7734
1499 6925
1500 7864
1501 424
1502 3769
1503 167
1504 3659
1505 5196
1506 1805
1507 3056
1508 2666
1509 3942
1510 6395
1511 1490
1512 1501
1513 6024
1514 6437
1515 4504
1516 2199
1517 4722
1518 759
1519 128
1520 720
1521 3033
1522 9103
1523 4416
1524 3494
1525 7089
1526 2924
1527 4856
1528 8656
1529 1556
1530 1556
1531 3710
1532 1453
1533 1915
1534 6061
1535 9251
1536 133
1537 404
1538 7572
1539 2213
1540 6437
1541 5165
1542 6437
1543 7167
1544 1600
1545 7187
1546 1239
1547 9751
1548 3789
1549 7709
1550 3652
1551 1556
1552 451
1553 492
1554 6039
1555 2371
1556 7060
1557 6175
1558 7989
1559 4592
1560 9516
1561 6437
1562 3341
1563 866
1564 5644
1565 4612
1566 1556
1567 7192
1568 3442
1569 1556
1570 8776
1571 3858
1572 1967
1573 1556
1574 7965
1575 3955
1576 280
1577 2165
1578 6437
1579 3769
1580 1726
1581 9026
1582 1490
1583 4634
1584 2371
1585 6687
1586 7402
1587 3656
1588 2396
1589 2732
1590 9346
1591 9277
1592 493
1593 5597
1594 6228
1595 5109
1596 9063
1597 1661
1598 7368
1599 4099
1600 6596
1601 5644
1602 176
1603 9934
1604 734
1605 4365
1606 3869
1607 7871
1608 953
1609 5384
1610 5797
1611 6164
1612 1854
1613 7209
1614 505
1615 6883
1616 8215
1617 8065
1618 1656
1619 6437
1620 8007
1621 6494
1622 8618
1623 1875
1624 3056
1625 6228
1626 2432
1627 9776
1628 5655
1629 791
1630 1501
1631 563
1632 424
1633 917
1634 8873
1635 1025
1636 7167
1637 3398
1638 8007
1639 9792
1640 2924
1641 8468
1642 9925
1643 6161
1644 4260
1645 7216
1646 3934
1647 2924
1648 3194
1649 3078
1650 3042
1651 1556
1652 2481
1653 4341
1654 1373
1655 120
1656 9029
1657 133
1658 8194
1659 2260
1660 7230
1661 3659
1662 1556
1663 2150
1664 2446
1665 4655
1666 120
1667 928
1668 9776
1669 2384
1670 5119
1671 4516
1672 8891
1673 69
1674 5396
1675 6437
1676 6437
1677 7557
1678 8468
1679 4131
1680 3851
1681 4341
1682 8311
1683 2371
1684 4260
1685 2316
1686 8569
1687 8065
1688 2666
1689 4807
1690 1556
1691 6912
1692 4289
1693 2545
1694 8215
1695 6312
1696 386
1697 3056
1698 7263
1699 8567
1700 897
1701 6770
1702 2398
1703 6648
1704 1775
1705 1175
1706 4855
1707 1211
1708 4242
1709 2554
1710 3075
1711 6353
1712 7089
1713 178
1714 1733
1715 8304
1716 4885
1717 6228
1718 7552
1719 4341
1720 7630
1721 6024
1722 259
1723 8819
1724 9928
1725 71
1726 1288
1727 6437
1728 9913
1729 2097
1730 9235
1731 6228
1732 1600
1733 8015
1734 1556
1735 5789
1736 7433
1737 5396
1738 5514
1739 765
1740 7572
1741 2460
1742 5786
1743 6617
1744 1903
1745 9176
1746 5396
1747 9792
1748 6228
1749 6976
1750 9870
1751 319
1752 6890
1753 4974
1754 3041
1755 4626
1756 8241
1757 4924
1758 6024
1759 1483
1760 6307
1761 5396
1762 2961
1763 5023
1764 7118
1765 492
1766 3854
1767 402
1768 4807
1769 5724
1770 6437
1771 6085
1772 9776
1773 1556
1774 8555
1775 1704
1776 6289
1777 6617
1778 7535
1779 8099
1780 4493
1781 6062
1782 3084
1783 9099
1784 8328
1785 1453
1786 6039
1787 6596
1788 3796
1789 1752
1790 5646
1791 7734
1792 2921
1793 2303
1794 1816
1795 9882
1796 4274
1797 5268
1798 7466
1799 2545
1800 3712
1801 7734
1802 8084
1803 7263
1804 4540
1805 1506
1806 7847
1807 6644
1808 7182
1809 5396
1810 9776
1811 9354
1812 781
1813 9565
1814 6437
1815 5396
1816 5646
1817 467
1818 1468
1819 7218
1820 9431
1821 6353
1822 6120
1823 6361
1824 8300
1825 6437
1826 3398
1827 2931
1828 7216
1829 5996
1830 5396
1831 776
1832 6437
1833 4682
1834 120
1835 165
1836 6085
1837 9115
1838 1556
1839 1182
1840 467
1841 880
1842 1568
1843 1600
1844 584
1845 7030
1846 1480
1847 8555
1848 6437
1849 4131
1850 492
1851 612
1852 6226
1853 6437
1854 854
1855 6228
1856 8592
1857 1373
1858 6586
1859 9303
1860 408
1861 6598
1862 3398
1863 6437
1864 6947
1865 2760
1866 1656
1867 1097
1868 5646
1869 3710
1870 6437
1871 467
1872 8151
1873 1556
1874 6598
1875 5396
1876 2023
1877 2735
1878 8460
1879 5753
1880 5659
1881 953
1882 5464
1883 9797
1884 1379
1885 8377
1886 6128
1887 8636
1888 1556
1889 6646
1890 6515
1891 3329
1892 3093
1893 2924
1894 9980
1895 1234
1896 2738
1897 6758
1898 7626
1899 7552
1900 5221
1901 9642
1902 9219
1903 8866
1904 2545
1905 1830
1906 5396
1907 5798
1908 6488
1909 1600
1910 1453
1911 2666
1912 1600
1913 8468
1914 781
1915 4261
1916 3262
1917 2147
1918 7263
1919 7734
1920 2199
1921 9792
1922 8469
1923 5381
1924 2924
1925 6024
1926 5659
1927 1650
1928 4686
1929 9371
1930 2003
1931 9356
1932 3398
1933 1556
1934 8289
1935 1480
1936 133
1937 4006
1938 6437
1939 7785
1940 8379
1941 1600
1942 6437
1943 6122
1944 8411
1945 1003
1946 8716
1947 6770
1948 8847
1949 2732
1950 9792
1951 2870
1952 6437
1953 4051
1954 1661
1955 6922
1956 4571
1957 7230
1958 1495
1959 6024
1960 7233
1961 4762
1962 159
1963 5656
1964 128
1965 584
1966 8300
1967 5593
1968 6770
1969 6228
1970 8927
1971 9776
1972 8592
1973 2229
1974 2398
1975 386
1976 2916
1977 8121
1978 706
1979 3093
1980 5311
1981 5863
1982 6811
1983 8015
1984 6811
1985 8935
1986 9111
1987 5396
1988 9648
1989 1412
1990 6100
1991 2070
1992 1556
1993 6437
1994 6052
1995 4656
1996 1775
1997 9471
1998 1661
1999 4112
2000 3343
2001 6779
2002 7871
2003 802
2004 128
2005 8548
2006 9325
2007 8356
2008 9499
2009 8468
2010 5532
2011 9163
2012 6437
2013 9771
2014 8252
2015 1109
2016 1556
2017 8468
2018 9176
2019 5653
2020 5829
2021 467
2022 6179
2023 688
2024 572
2025 4203
2026 7011
2027 3398
2028 6625
2029 3894
2030 857
2031 6034
2032 3620
2033 5823
2034 491
2035 7552
2036 7082
2037 9687
2038 8468
2039 802
2040 1556
2041 6890
2042 9926
2043 3942
2044 802
2045 3398
2046 3000
2047 5535
2048 7925
2049 4626
2050 829
2051 6161
2052 2924
2053 4020
2054 5782
2055 802
2056 6175
2057 2259
2058 8195
2059 4345
2060 5522
2061 22
2062 2666
2063 8597
2064 8468
2065 505
2066 1556
2067 6648
2068 6034
2069 1775
2070 1991
2071 1406
2072 5656
2073 1600
2074 2804
2075 3677
2076 6437
2077 2732
2078 4
2079 8603
2080 491
2081 5771
2082 159
2083 9758
2084 2017
2085 602
2086 9163
2087 316
2088 6437
2089 9176
2090 291
2091 2554
2092 2250
2093 8659
2094 3894
2095 3632
2096 424
2097 9517
2098 5640
2099 2862
2100 6388
2101 3443
2102 1556
2103 5514
2104 866
2105 865
2106 6024
2107 2258
2108 1556
2109 2605
2110 2544
2111 9501
2112 3941
2113 493
2114 8468
2115 6353
2116 6995
2117 6024
2118 866
2119 6437
2120 3143
2121 259
2122 4361
2123 7899
2124 5919
2125 7230
2126 3178
2127 9344
2128 9247
2129 9188
2130 7644
2131 8661
2132 8077
2133 3322
2134 1234
2135 6975
2136 6801
2137 244
2138 2968
2139 4341
2140 8189
2141 6437
2142 4759
2143 492
2144 6503
2145 6179
2146 928
2147 9471
2148 3656
2149 8597
2150 133
2151 1556
2152 8311
2153 7882
2154 5863
2155 9729
2156 1373
2157 6919
2158 505
2159 3973
2160 8780
2161 6979
2162 2342
2163 2342
2164 2900
2165 8468
2166 4931
2167 7071
2168 6718
2169 9458
2170 505
2171 8292
2172 6828
2173 2258
2174 389
2175 6437
2176 1556
2177 2924
2178 2989
2179 6437
2180 6228
2181 1600
2182 9870
2183 6437
2184 8770
2185 7839
2186 2732
2187 2924
2188 2258
2189 5532
2190 3521
2191 6437
2192 477
2193 7060
2194 8234
2195 6024
2196 6227
2197 959
2198 6437
2199 3443
2200 9702
2201 3970
2202 6075
2203 6289
2204 4493
2205 2307
2206 6228
2207 8073
2208 4618
2209 9422
2210 749
2211 4612
2212 6975
2213 5640
2214 288
2215 7785
2216 865
2217 1600
2218 7847
2219 897
2220 2666
2221 6879
2222 6593
2223 1235
2224 6024
2225 9748
2226 6437
2227 1217
2228 5587
2229 1600
2230 6913
2231 2695
2232 6228
2233 5908
2234 6977
2235 6991
2236 3632
2237 492
2238 1373
2239 2233
2240 7786
2241 2964
2242 6085
2243 4493
2244 5724
2245 9659
2246 4289
2247 1399
2248 6066
2249 1772
2250 2423
2251 897
2252 4779
2253 2362
2254 5396
2255 5396
2256 1600
2257 467
2258 781
2259 6220
2260 1816
2261 7847
2262 942
2263 1775
2264 5039
2265 688
2266 5306
2267 7132
2268 6635
2269 9085
2270 7263
2271 1235
2272 965
2273 3858
2274 6648
2275 3594
2276 280
2277 9702
2278 2652
2279 7914
2280 8077
2281 5306
2282 4361
2283 1749
2284 1716
2285 1799
2286 8121
2287 4414
2288 9926
2289 8329
2290 2097
2291 6437
2292 5724
2293 1556
2294 2808
2295 6437
2296 7393
2297 4629
2298 765
2299 7104
2300 9476
2301 259
2302 1288
2303 1556
2304 9422
2305 231
2306 8255
2307 2205
2308 9792
2309 3908
2310 6437
2311 7263
2312 7871
2313 8377
2314 386
2315 2260
2316 1468
2317 133
2318 8806
2319 8289
2320 8121
2321 9707
2322 8968
2323 3322
2324 5767
2325 177
2326 8755
2327 69
2328 5597
2329 165
2330 6093
2331 1600
2332 5396
2333 5396
2334 6437
2335 3955
2336 3748
2337 510
2338 1335
2339 3712
2340 4260
2341 1965
2342 3064
2343 1556
2344 154
2345 6437
2346 9565
2347 6472
2348 2146
2349 3194
2350 720
2351 1462
2352 4361
2353 5646
2354 1661
2355 8465
2356 4332
2357 5646
2358 4845
2359 953
2360 2666
2361 1176
2362 4341
2363 6617
2364 6954
2365 1661
2366 1702
2367 3818
2368 2732
2369 4967
2370 965
2371 7261
2372 2398
2373 2228
2374 424
2375 9042
2376 1556
2377 1661
2378 1600
2379 3496
2380 5396
2381 7799
2382 2097
2383 8772
2384 5421
2385 4060
2386 2732
2387 1832
2388 4999
2389 2599
2390 1915
2391 7440
2392 2605
2393 781
2394 2550
2395 3249
2396 5957
2397 9165
2398 4037
2399 6283
2400 3176
2401 8659
2402 2666
2403 717
2404 3659
2405 9422
2406 5597
2407 4341
2408 4679
2409 5062
2410 8468
2411 120
2412 9012
2413 8181
2414 4864
2415 6437
2416 7045
2417 5601
2418 9208
2419 8560
2420 9707
2421 1331
2422 4242
2423 7696
2424 387
2425 4260
2426 3976
2427 5109
2428 7572
2429 3398
2430 7002
2431 7666
2432 902
2433 7230
2434 5396
2435 6220
2436 7552
2437 9964
2438 8468
2439 6758
2440 1556
2441 369
2442 9702
2443 3718
2444 4269
2445 6828
2446 720
2447 9565
2448 5556
2449 1453
2450 6024
2451 935
2452 2718
2453 5404
2454 6811
2455 6164
2456 8927
2457 387
2458 6190
2459 5782
2460 9663
2461 5396
2462 8468
2463 8604
2464 7552
2465 7931
2466 33
2467 4825
2468 6828
2469 6598
2470 1516
2471 6154
2472 9687
2473 1556
2474 6991
2475 2924
2476 2605
2477 1373
2478 1600
2479 1331
2480 5956
2481 1652
2482 2258
2483 9573
2484 7848
2485 7195
2486 8108
2487 8659
2488 7882
2489 176
2490 6922
2491 1306
2492 3854
2493 6437
2494 3423
2495 3230
2496 9026
2497 3533
2498 9181
2499 1556
2500 8333
2501 4889
2502 6382
2503 4031
2504 4847
2505 8329
2506 4431
2507 5186
2508 5418
2509 9648
2510 6437
2511 6105
2512 4606
2513 5396
2514 7434
2515 6929
2516 7351
2517 5482
2518 2258
2519 9516
2520 1051
2521 3854
2522 953
2523 1835
2524 2573
2525 7666
2526 8247
2527 6437
2528 1118
2529 965
2530 8007
2531 2258
2532 1600
2533 2810
2534 6024
2535 3589
2536 5396
2537 1556
2538 414
2539 2384
2540 7734
2541 959
2542 9802
2543 6400
2544 6437
2545 6588
2546 7002
2547 8300
2548 1288
2549 7104
2550 9993
2551 3652
2552 1556
2553 3710
2554 2732
2555 1281
2556 5514
2557 6437
2558 1453
2559 912
2560 7002
2561 6975
2562 9776
2563 1586
2564 6214
2565 9846
2566 4678
2567 7030
2568 2342
2569 9795
2570 6024
2571 486
2572 965
2573 3423
2574 1556
2575 965
2576 3932
2577 8472
2578 6976
2579 5530
2580 6437
2581 6437
2582 3710
2583 4606
2584 1854
2585 7525
2586 3865
2587 5234
2588 4341
2589 1373
2590 7552
2591 8051
2592 1656
2593 8108
2594 7931
2595 8374
2596 1556
2597 2754
2598 9687
2599 2389
2600 1816
2601 9654
2602 7552
2603 7132
2604 7734
2605 8488
2606 6437
2607 3780
2608 4686
2609 3257
2610 5919
2611 6204
2612 4201
2613 6979
2614 6437
2615 4419
2616 6437
2617 1556
2618 9565
2619 120
2620 8007
2621 9483
2622 8051
2623 2507
2624 6437
2625 7444
2626 1600
2627 7263
2628 9317
2629 5659
2630 4416
2631 6024
2632 2460
2633 868
2634 3443
2635 3494
2636 8770
2637 6920
2638 8460
2639 1266
2640 584
2641 5354
2642 3087
2643 6071
2644 424
2645 6913
2646 2384
2647 5421
2647 7734
2648 7839
2649 4242
2650 1453
2651 7434
2652 6947
2653 5490
2654 6596
2655 2207
2656 8439
2657 2924
2658 1007
2659 2141
2660 1556
2661 6437
2662 3194
2663 3858
2664 8513
2664 3258
2665 2032
2666 3894
2667 3688
2668 1487
2669 2371
2670 2465
2671 6770
2672 5710
2673 1453
2674 1816
2675 8396
2676 8379
2677 7045
2678 7554
2679 6024
2680 7734
2681 4341
2682 8859
2683 3398
2684 6437
2685 7552
2686 4493
2687 5858
2688 6111
2689 8338
2690 313
2691 6596
2692 7415
2693 3896
2694 6143
2695 3554
2696 5682
2697 9776
2698 6371
2699 4759
2700 121
2701 2258
2702 6586
2703 5165
2704 6228
2705 1600
2706 1816
2707 6437
2708 781
2709 7056
2710 4842
2711 1991
2712 8329
2713 6025
2714 424
2715 9648
2716 2398
2717 6131
2718 2452
2719 759
2720 6437
2721 1568
2722 7572
2723 2398
2724 7045
2725 5396
2726 69
2727 8253
2728 2961
2729 7014
2730 5789
2731 3377
2732 2398
2733 9458
2734 2017
2735 2507
2736 9688
2737 1175
2738 2471
2739 7765
2740 3858
2741 1586
2742 107
2743 1495
2744 3894
2745 1816
2746 492
2747 8151
2748 7552
2749 9450
2750 8481
2751 720
2752 9878
2753 5306
2754 4341
2755 5863
2756 1600
2757 1556
2758 6437
2759 8971
2760 8469
2761 2924
2762 128
2763 7253
2764 1346
2765 9776
2766 3021
2767 1661
2768 424
2769 7192
2770 6161
2771 6234
2772 2398
2773 2868
2774 8494
2775 6459
2776 1235
2777 8873
2778 1129
2779 965
2780 7216
2781 953
2782 128
2783 1310
2784 9516
2785 4341
2786 6034
2787 9439
2788 1600
2789 3322
2790 3207
2791 9462
2792 3194
2793 1556
2794 720
2795 3385
2796 4871
2797 9792
2798 8468
2799 7772
2800 1501
2801 6437
2802 2258
2803 4289
2804 2074
2805 8548
2806 6437
2807 675
2808 2294
2809 1556
2810 9907
2811 6255
2812 6437
2813 5725
2814 8873
2815 8494
2816 7192
2817 8592
2818 2932
2819 491
2820 8196
2821 8051
2822 9165
2823 491
2824 9720
2825 4361
2826 7336
2827 8778
2828 1875
2829 7253
2830 5336
2831 673
2832 467
2833 5402
2834 2236
2835 8468
2836 4101
2837 492
2838 467
2839 5646
2840 9649
2841 3710
2842 6361
2843 1600
2844 4629
2845 2471
2846 9687
2847 6991
2848 5450
2849 3710
2850 4037
2851 9729
2852 6437
2853 4830
2854 6013
2855 4613
2856 965
2857 6991
2858 2605
2859 6228
2860 4341
2861 7716
2862 5396
2863 1556
2864 5782
2865 5999
2866 5646
2867 1556
2868 3976
2869 6437
2870 1951
2871 765
2872 7871
2873 7415
2874 4332
2875 7192
2876 9292
2877 866
2878 6437
2879 6743
2880 4606
2881 8377
2882 6437
2883 6648
2884 3321
2885 5604
2886 1373
2887 8051
2888 128
2889 9792
2890 4722
2891 6024
2892 5392
2893 3041
2894 9687
2895 8289
2896 9422
2897 6966
2898 8121
2899 3318
2900 1453
2901 7437
2902 3231
2903 3538
2904 3194
2905 2666
2906 334
2907 1556
2908 2178
2909 5696
2910 1556
2911 8659
2912 467
2913 9516
2914 3717
2915 3824
2916 7734
2917 6024
2918 6417
2919 5306
2920 8120
2921 826
2922 1816
2923 6437
2924 467
2925 5981
2926 9099
2927 4037
2928 5376
2929 3692
2930 5026
2931 1355
2932 9565
2933 8891
2934 6913
2935 7899
2936 4361
2937 3976
2938 316
2939 54
2940 3521
2941 1600
2942 1411
2943 776
2944 5261
2945 3203
2946 3248
2947 259
2948 9667
2949 5943
2950 1556
2951 594
2952 8579
2953 112
2954 3976
2955 9776
2956 4203
2957 2260
2958 2316
2959 5396
2960 9574
2961 866
2962 8927
2963 4037
2964 720
2965 9648
2966 1373
2967 8252
2968 5343
2969 424
2970 1051
2971 6024
2972 897
2973 2924
2974 953
2975 4965
2976 5421
2977 316
2978 4626
2979 3253
2980 2258
2981 5922
2982 9776
2983 9296
2984 8429
2985 3041
2986 2081
2987 1556
2988 2023
2989 4669
2990 8304
2991 4855
2992 8995
2993 6979
2994 8843
2995 8093
2996 5142
2997 8661
2998 7742
2999 9702
3000 133
3001 4078
3002 7824
3003 4196
3004 4396
3005 5730
3006 8578
3007 7797
3008 6024
3009 6687
3010 7667
3011 3398
3012 7192
3013 4361
3014 8481
3015 5396
3016 4169
3017 4242
3018 3490
3019 2841
3020 5165
3021 5391
3022 9797
3023 1239
3024 2023
3025 6362
3026 3710
3027 1556
3028 3754
3029 6437
3030 3851
3031 5529
3032 6588
3033 9688
3034 9702
3035 3398
3036 176
3037 6437
3038 8120
3039 4371
3040 4542
3041 3718
3042 1650
3043 5782
3044 2979
3045 5119
3046 9604
3047 8011
3048 7882
3049 3713
3050 9471
3051 2732
3052 7986
3053 7666
3054 9914
3055 6228
3056 291
3057 7351
3058 5009
3059 1556
3060 5396
3061 781
3062 8311
3063 928
3064 2342
3065 9471
3066 1915
3067 6614
3068 4037
3069 953
3070 4612
3071 6437
3072 5396
3073 7253
3074 7725
3075 7118
3076 9395
3077 8574
3078 965
3079 3786
3080 4819
3081 2250
3082 3829
3083 9062
3084 6390
3085 6437
3086 7789
3087 1335
3088 1868
3089 8629
3090 781
3091 9702
3092 3329
3093 1979
3094 4361
3095 1235
3096 723
3097 8120
3098 9176
3099 288
3100 6228
3101 8378
3102 6376
3103 2924
3104 7056
3105 6464
3106 30
3107 1556
3108 8204
3109 5823
3110 3944
3111 9560
3112 3485
3113 5715
3114 1556
3115 4163
3116 6289
3117 3485
3118 9160
3119 5646
3120 467
3121 7734
3122 3018
3123 6228
3124 1733
3125 3398
3126 4332
3127 3858
3128 717
3129 7231
3130 2732
3131 9776
3132 6437
3133 6646
3134 7207
3135 2316
3136 4341
3137 424
3138 9688
3139 8659
3140 2165
3141 3137
3142 4341
3143 5810
3144 3651
3145 3531
3146 8934
3147 6161
3148 3065
3149 7
3150 8007
3151 6974
3152 591
3153 6040
3154 2317
3155 1556
3156 6024
3157 9802
3158 3398
3159 9825
3160 3847
3161 5863
3162 1946
3163 2666
3164 9247
3165 6289
3166 5919
3167 9880
3168 3647
3169 8590
3170 7444
3171 2789
3172 2924
3173 3885
3174 7118
3175 6586
3176 7056
3177 8311
3178 2126
3179 854
3180 8489
3181 6024
3182 4260
3183 133
3184 2797
3185 6596
3186 8843
3187 2924
3188 3688
3189 6515
3190 4494
3191 1453
3192 5638
3193 5061
3194 2792
3195 965
3196 5896
3197 3892
3198 5593
3199 2561
3200 8065
3201 6809
3202 9513
3203 4416
3204 9160
3205 6024
3206 3397
3207 2790
3208 7
3209 6437
3210 3286
3211 8458
3212 3079
3213 3358
3214 3710
3215 6437
3216 1211
3217 8082
3218 104
3219 5311
3220 8300
3221 6437
3222 1600
3223 6635
3224 4629
3225 3248
3226 6437
3227 7216
3228 965
3229 1111
3230 866
3231 2902
3232 6257
3233 8680
3234 3689
3235 6990
3236 4332
3237 8965
3238 1556
3239 8468
3240 2736
3241 7261
3242 9690
3243 4618
3244 2666
3245 6437
3246 1003
3247 6437
3248 2946
3249 2395
3250 2666
3251 6976
3252 4242
3253 2979
3254 1556
3255 3652
3256 9240
3257 4905
3258 8513
3259 6293
3260 8781
3261 6437
3262 1916
3263 1348
3264 5054
3265 8555
3266 9960
3267 3815
3268 4647
3269 2017
3270 467
3271 6025
3272 6018
3273 5734
3274 6586
3275 6374
3276 3894
3277 780
3278 1146
3279 8740
3280 8292
3281 2213
3282 1556
3283 1672
3284 8670
3285 2258
3286 9501
3287 8255
3288 6161
3289 1656
3290 9042
3291 4378
3292 569
3293 6131
3294 9845
3295 8237
3296 5316
3297 9516
3298 8927
3299 2023
3300 2623
3301 6161
3302 6307
3303 8015
3304 8288
3305 107
3306 3398
3307 8065
3308 1440
3309 7667
3310 6120
3311 9313
3312 195
3313 505
3314 965
3315 8577
3316 1501
3317 756
3318 3858
3319 2258
3320 6228
3321 2884
3322 7030
3323 4682
3324 6630
3325 6039
3326 6974
3327 1661
3328 7096
3329 7469
3330 5646
3331 1962
3332 2258
3333 8204
3334 8304
3335 7552
3336 580
3337 6437
3338 4571
3339 6437
3340 5140
3341 1562
3342 8209
3343 2000
3344 5279
3345 9792
3346 5396
3347 2666
3348 2735
3349 9058
3350 4874
3351 5724
3352 756
3353 9702
3354 4571
3355 9702
3356 5788
3357 5311
3358 2258
3359 5646
3360 965
3361 6437
3362 2862
3363 6437
3364 5165
3365 1035
3366 6085
3367 1421
3368 3333
3369 8162
3370 7224
3371 2666
3372 9527
3373 1556
3374 1251
3375 504
3376 9422
3377 5170
3378 2666
3379 2732
3380 2943
3381 467
3382 5782
3383 4800
3384 1398
3385 369
3386 9776
3387 2260
3388 7734
3389 3066
3390 2666
3391 2384
3392 8760
3393 6437
3394 9870
3395 7192
3396 5900
3397 9044
3398 2924
3399 4568
3400 6062
3401 1600
3402 5024
3403 7861
3404 5035
3405 9255
3406 9327
3407 6024
3408 7368
3409 9247
3410 3040
3411 3137
3412 1040
3413 4431
3414 386
3415 7929
3416 389
3417 5593
3418 8007
3419 6024
3420 9702
3421 6350
3422 8808
3423 953
3424 1600
3425 9792
3426 3322
3427 3432
3428 1911
3429 3041
3430 8957
3431 9813
3432 1278
3433 4694
3434 1600
3435 5103
3436 9240
3437 4825
3438 8468
3439 2342
3440 6293
3441 505
3442 3733
3443 2199
3444 1967
3445 5436
3446 2229
3447 5659
3448 6024
3449 9390
3450 2159
3451 9436
3452 467
3453 1971
3454 8462
3455 505
3456 1163
3457 6811
3458 5082
3459 2371
3460 6596
3461 2646
3462 4360
3463 1556
3464 4207
3465 7734
3465 5421
3466 3510
3467 5982
3468 8488
3469 5409
3470 8192
3471 1580
3472 9458
3473 7839
3474 6857
3475 6499
3476 5396
3477 5532
3478 8659
3479 2371
3480 7552
3481 3058
3482 7019
3483 7572
3484 6437
3485 8313
3486 4686
3487 6307
3488 6975
3489 6437
3490 3018
3491 3003
3492 4542
3493 1556
3494 2635
3495 1398
3496 3182
3497 2605
3498 857
3499 5823
3500 6024
3501 5933
3502 3194
3503 3869
3504 8065
3505 6161
3506 3243
3507 6805
3508 8358
3509 4332
3510 491
3511 3955
3512 5409
3513 8065
3514 4714
3515 5508
3516 2023
3517 5436
3518 5396
3519 611
3520 9176
3521 6760
3522 4867
3523 5966
3524 9133
3525 6437
3526 165
3527 696
3528 8513
3528 3258
3529 7132
3530 340
3530 4354
3531 3145
3532 5396
3533 9648
3534 6437
3535 7393
3536 1556
3537 4820
3538 3385
3539 2229
3540 6219
3541 6437
3542 4031
3543 8912
3544 5597
3545 3473
3546 6210
3547 7182
3548 2412
3549 7118
3550 8659
3551 2023
3552 6596
3553 3824
3554 2695
3555 1816
3556 1556
3557 9216
3558 2052
3559 5919
3560 5863
3561 4090
3562 6228
3563 2258
3564 6437
3565 7847
3566 6437
3567 5402
3568 3365
3569 3257
3570 1965
3571 2961
3572 3894
3573 3018
3574 2317
3575 4051
3576 4762
3577 8965
3578 6426
3579 6437
3580 553
3581 2398
3582 2540
3583 6228
3584 9487
3585 6607
3586 6586
3587 7136
3588 7209
3589 4291
3590 7634
3591 9687
3592 9702
3593 1556
3594 4629
3595 474
3596 6588
3597 720
3598 9807
3599 9419
3600 5428
3601 7253
3602 4185
3603 7383
3604 6828
3605 2924
3606 1048
3607 3939
3608 7336
3609 3322
3610 965
3611 1661
3612 4416
3613 8107
3614 6437
3615 7263
3616 4115
3617 6612
3618 2398
3619 1398
3620 2032
3621 9690
3622 4938
3623 9015
3624 959
3625 8641
3626 6437
3627 3042
3628 965
3629 8077
3630 8289
3631 7344
3632 6024
3633 5165
3634 8597
3635 3056
3636 2190
3637 8289
3638 7164
3639 5855
3640 1600
3641 4341
3642 5646
3643 3137
3644 4870
3645 2279
3646 9776
3647 6437
3648 3956
3649 907
3650 6437
3651 5116
3652 4626
3653 9776
3654 6437
3655 866
3656 8915
3657 2504
3658 9111
3659 2199
3660 5196
3661 6312
3662 1556
3663 9277
3664 1556
3665 1556
3666 3754
3667 7140
3668 5789
3669 7552
3670 7216
3671 6280
3672 6437
3673 495
3674 8390
3675 1915
3676 5959
3677 6283
3678 9813
3679 6228
3680 6461
3681 3910
3682 9321
3683 7263
3684 3858
3685 1556
3686 8356
3687 159
3688 5409
3689 7182
3690 6437
3691 3423
3692 4324
3693 7263
3694 9516
3695 2225
3696 1751
3697 7525
3698 953
3699 1556
3700 5103
3701 7279
3702 492
3703 1399
3704 7943
3705 5577
3706 6743
3707 8922
3708 4654
3709 7734
3710 3436
3711 2661
3712 61
3713 3049
3714 1189
3715 3168
3716 8578
3717 2914
3718 1373
3719 2478
3720 9001
3721 1911
3722 9702
3723 1804
3724 8780
3725 1163
3726 4607
3727 5597
3728 6161
3729 6437
3730 2056
3731 5421
3732 408
3733 2605
3734 781
3735 69
3736 716
3737 6040
3738 8656
3739 8718
3740 2302
3740 1288
3741 8335
3742 7734
3743 2258
3744 424
3745 9484
3746 1474
3747 7795
3748 1048
3749 2425
3750 6673
3751 6556
3752 5646
3753 3894
3754 8379
3755 9792
3756 1556
3757 5593
3758 492
3759 8513
3759 3258
3760 6437
3761 7551
3762 3542
3763 9688
3764 1188
3765 3194
3766 4048
3767 1600
3768 4670
3769 5911
3770 604
3771 6596
3772 9792
3773 6385
3774 8680
3775 4172
3776 6658
3777 8077
3778 589
3779 5692
3780 6061
3781 7839
3782 2510
3783 5023
3784 9792
3785 4524
3786 3079
3787 120
3788 3115
3789 6588
3790 4856
3791 2124
3792 7071
3793 5186
3794 5882
3795 3369
3796 1110
3797 6039
3798 9176
3799 5532
3800 36
3801 5396
3802 6282
3803 6177
3804 7666
3805 9725
3806 6116
3807 2605
3808 6024
3809 9771
3810 1556
3811 6437
3812 6640
3813 6228
3814 7056
3815 3267
3816 8411
3817 3987
3818 7688
3819 5999
3820 791
3821 7849
3822 5919
3823 6586
3824 3553
3825 6039
3826 2545
3827 7192
3828 424
3829 4101
3830 2545
3831 3057
3832 6437
3833 69
3834 2371
3835 9163
3836 9792
3837 5165
3838 6437
3839 9813
3840 5212
3841 7082
3842 6102
3843 3533
3844 9792
3845 6437
3846 5753
3847 88
3848 5646
3849 9687
3850 8597
3851 9792
3852 6947
3853 1816
3854 6437
3855 9792
3856 5789
3857 6437
3858 4493
3859 6437
3860 8787
3861 3473
3862 7336
3863 2666
3864 8468
3865 1159
3865 2586
3866 4261
3867 7572
3868 2661
3869 6437
3870 2097
3871 7199
3872 6255
3873 6758
3874 3818
3875 2260
3876 781
3877 3599
3878 8335
3879 8311
3880 8288
3881 2124
3882 9452
3883 5768
3884 8195
3885 4341
3886 7395
3887 2258
3888 6437
3889 8840
3890 1600
3891 8663
3892 765
3893 733
3894 2666
3895 2666
3896 471
3897 128
3898 4695
3899 7686
3900 8344
3901 6437
3902 6437
3903 2841
3904 2545
3905 6312
3906 8509
3907 7734
3908 7916
3909 1556
3910 5181
3911 6061
3912 6297
3913 7433
3914 7334
3915 6001
3916 9160
3917 5721
3918 1854
3919 3398
3920 4818
3921 9688
3922 3854
3923 2258
3924 6024
3925 5542
3926 9270
3927 3093
3928 5370
3929 6465
3930 7136
3931 4769
3932 5735
3933 4749
3934 1109
3935 8204
3936 9792
3937 2732
3938 259
3939 3607
3940 5396
3941 2112
3942 2605
3943 7233
3944 3110
3945 9776
3946 6126
3947 8468
3948 404
3949 8468
3950 505
3951 8156
3952 5135
3953 720
3954 2199
3955 2371
3956 3648
3957 9317
3958 8077
3959 7734
3960 589
3961 1453
3962 9501
3963 9702
3964 8329
3965 9565
3966 866
3967 1450
3968 5514
3969 640
3970 8389
3971 2989
3972 9687
3973 5956
3974 5396
3975 3938
3976 5115
3977 8514
3978 6437
3979 7788
3980 6477
3981 3436
3982 2666
3983 646
3984 7882
3985 8659
3986 9422
3987 6385
3988 5396
3989 1556
3990 4341
3991 6437
3992 4333
3992 7738
3993 7415
3994 9075
3995 4101
3996 510
3997 7544
3998 1556
3999 9688
4000 828
4001 2666
4002 5919
4003 6436
4004 781
4005 1556
4006 1937
4007 5908
4008 5396
4009 1137
4010 6437
4011 5396
4012 4345
4013 9684
4014 828
4015 1600
4016 4361
4017 4341
4018 9573
4019 1556
4020 868
4021 6437
4022 1661
4023 6255
4024 6548
4025 1490
4026 1752
4027 6828
4028 4121
4029 802
4030 1441
4031 6436
4032 781
4033 928
4034 865
4035 6710
4036 933
4037 2732
4038 3710
4039 6982
4040 1556
4041 8121
4042 720
4043 8456
4044 8891
4045 1832
4046 6982
4047 6102
4048 3851
4049 2828
4050 154
4051 6588
4052 3858
4053 4203
4054 2970
4055 6289
4056 6947
4057 3329
4058 1335
4059 6697
4060 9422
4061 5888
4062 387
4063 386
4064 4857
4065 3851
4066 6550
4067 6040
4068 6976
4069 8051
4070 3646
4071 4762
4072 6437
4073 2259
4074 2752
4075 2602
4076 5488
4077 9776
4078 7667
4079 1661
4080 604
4081 3894
4082 4844
4083 9891
4084 6024
4085 2762
4086 491
4087 2342
4088 7230
4089 2507
4090 5514
4091 866
4092 7370
4093 7683
4094 8356
4095 6987
4096 2228
4097 427
4098 1556
4099 6828
4100 1568
4101 6437
4102 8597
4103 6437
4104 8253
4105 386
4106 291
4107 7734
4108 1556
4109 3659
4110 5026
4111 6022
4112 7518
4113 965
4114 9911
4115 1234
4116 1661
4117 9957
4118 8751
4119 6437
4120 5316
4121 7989
4122 4756
4123 5009
4124 2666
4125 9499
4126 8857
4127 8469
4128 6423
4129 897
4130 7263
4131 4905
4132 7839
4133 3710
4134 161
4135 6825
4136 9517
4137 4612
4138 1556
4139 1600
4140 2666
4141 4332
4142 3242
4143 88
4144 9916
4145 1661
4146 6062
4147 3053
4148 1661
4149 5646
4150 8781
4151 1333
4152 6670
4153 3631
4154 8755
4155 176
4156 2260
4157 6596
4158 1704
4159 4501
4160 5593
4161 8292
4162 2666
4163 3115
4164 6556
4165 1029
4166 2607
4167 6024
4168 1568
4169 3087
4170 3377
4171 1556
4172 4888
4173 4226
4174 8468
4175 6596
4176 781
4177 696
4178 5115
4179 505
4180 9975
4181 6024
4182 8468
4183 1600
4184 6228
4185 8468
4186 386
4187 7826
4188 4670
4189 7192
4190 7984
4191 6437
4192 1556
4193 8808
4194 4910
4195 513
4196 4759
4197 897
4198 9433
4199 6161
4200 1661
4201 9595
4202 821
4203 5396
4204 1556
4205 1446
4206 604
4207 3464
4208 9640
4209 9151
4210 6435
4211 3510
4212 5165
4213 2858
4214 1556
4215 965
4216 5409
4217 785
4218 7089
4219 1556
4220 1397
4221 4114
4222 2196
4223 231
4224 2258
4225 6280
4226 4341
4227 3293
4228 3490
4229 7966
4230 4669
4231 8659
4232 3841
4233 6289
4234 5436
4235 5919
4236 2023
4237 231
4238 5396
4239 9240
4240 6024
4241 7253
4242 2398
4243 1650
4244 176
4245 6588
4246 3041
4247 6150
4248 563
4249 6437
4250 8379
4251 9688
4252 2371
4253 6175
4254 706
4255 9433
4256 965
4257 1661
4258 8253
4259 6982
4260 3182
4261 1915
4262 3851
4263 6437
4264 4670
4265 2260
4266 8304
4267 8927
4268 4114
4269 9172
4270 4260
4271 4386
4272 4242
4273 6289
4274 6437
4275 8609
4276 8787
4277 1556
4278 7045
4279 7727
4280 3733
4281 6648
4282 6190
4283 7839
4284 3066
4285 6958
4286 2605
4287 1189
4288 6586
4289 5863
4290 2229
4291 4114
4292 5391
4293 4157
4294 1816
4295 7275
4296 8755
4297 7799
4298 6437
4299 4889
4300 2732
4301 1556
4302 1556
4303 5993
4304 9419
4305 8289
4306 6024
4307 8328
4308 1556
4309 1145
4310 1854
4311 391
4312 1722
4313 7552
4314 9422
4315 8806
4316 1344
4317 8411
4318 1025
4319 9565
4320 5724
4321 2342
4322 1726
4323 5532
4324 3692
4325 6437
4326 2939
4327 4242
4328 9176
4329 1816
4330 7686
4331 6024
4332 4141
4333 8713
4333 7726
4334 69
4335 6437
4336 9776
4337 1556
4338 9433
4339 6437
4340 288
4341 8300
4342 6039
4343 2554
4344 7433
4345 2059
4346 8120
4347 389
4348 492
4349 3137
4350 9690
4351 2318
4352 2398
4353 7263
4354 340
4355 3710
4356 3436
4357 4629
4358 7795
4359 9133
4360 9792
4361 9422
4362 3957
4363 897
4364 6434
4365 8252
4366 5396
4367 7351
4368 408
4369 6586
4370 759
4371 9877
4372 280
4373 4542
4374 9501
4375 9925
4376 1556
4377 2124
4378 4874
4379 7089
4380 8468
4381 5396
4382 133
4383 4289
4384 6437
4385 8329
4386 4271
4387 7192
4388 5532
4389 5082
4390 1600
4391 4691
4392 4557
4393 5782
4394 6289
4395 8121
4396 5291
4397 9702
4398 584
4399 4889
4400 6437
4401 2213
4402 1239
4403 1650
4404 5919
4405 4779
4406 6437
4407 6913
4408 9595
4409 3908
4410 1176
4411 953
4412 7160
4413 1638
4414 2287
4415 1749
4416 3041
4417 9816
4418 3733
4419 2615
4420 386
4421 3710
4422 6024
4423 5165
4424 5917
4425 6437
4426 1129
4427 3710
4428 1600
4429 7755
4430 965
4431 6436
4432 6361
4433 7890
4434 5114
4435 8468
4436 953
4437 6646
4438 9566
4439 8659
4440 7572
4441 612
4442 5396
4443 3442
4444 8589
4445 7775
4446 8659
4447 6143
4448 4594
4449 9595
4450 6437
4451 5789
4452 3093
4453 6437
4454 1474
4455 9104
4456 6255
4457 9853
4458 688
4459 4205
4460 9227
4461 6437
4462 6437
4463 928
4464 3538
4465 7823
4466 2989
4467 9792
4468 572
4469 6034
4470 5563
4471 1661
4472 7931
4473 6150
4474 4542
4475 8426
4476 3040
4477 5522
4478 7817
4479 6437
4480 1863
4481 8077
4482 8468
4483 3942
4484 7505
4485 4607
4486 3041
4487 2687
4488 2666
4489 720
4490 9327
4491 6596
4492 4242
4493 3858
4494 8468
4495 6423
4496 1661
4497 4242
4498 1453
4499 4686
4500 9204
4501 9001
4502 7466
4503 781
4504 9176
4505 8077
4506 5809
4507 4629
4508 2916
4509 2398
4510 4629
4511 6310
4512 1431
4513 2591
4514 4999
4515 107
4516 5103
4517 2545
4518 4759
4519 6642
4520 5851
4521 4341
4522 20
4523 6493
4524 3785
4525 467
4526 7765
4527 781
4528 7060
4529 4416
4530 5396
4531 965
4532 1446
4533 3538
4534 4157
4535 3869
4536 5787
4537 5396
4538 7734
4539 333
4540 1804
4541 6283
4542 491
4543 5021
4544 5882
4545 2863
4546 9471
4547 4203
4548 3159
4548 9825
4549 6811
4550 3621
4551 9688
4552 389
4553 7847
4554 6437
4555 8468
4556 5384
4557 9720
4558 6103
4559 7312
4560 8311
4561 2550
4562 4524
4563 1915
4564 866
4565 4905
4566 866
4567 2861
4568 2258
4569 6161
4570 4921
4571 5661
4572 3632
4573 863
4574 5829
4575 6556
4576 953
4577 295
4578 2242
4579 6434
4580 7839
4581 8468
4582 5724
4583 5193
4584 6437
4585 3710
4586 4030
4587 2303
4588 5201
4589 4769
4590 3093
4591 5114
4592 3780
4593 6770
4594 7630
4595 8468
4596 1999
4597 1506
4598 6268
4599 2307
4600 5514
4601 6228
4602 1490
4603 5357
4604 5908
4605 6437
4606 2762
4607 7734
4608 8141
4609 1556
4610 5162
4611 7839
4612 5847
4613 855
4614 7458
4615 9501
4616 6143
4617 4820
4618 2208
4619 1556
4620 897
4621 7886
4622 9471
4623 7607
4624 26
4625 2545
4626 6313
4627 7231
4628 6398
4629 3224
4630 7848
4631 6988
4632 3892
4633 2661
4634 8194
4635 7204
4636 4813
4637 6883
4638 1234
4639 1411
4640 2545
4641 965
4642 6648
4643 4759
4644 6437
4645 6426
4646 9044
4647 381
4648 7257
4649 6357
4650 2792
4651 7848
4652 8015
4653 2260
4654 2017
4655 802
4656 1995
4657 7864
4658 8866
4659 2303
4660 9590
4661 2465
4662 7263
4663 8215
4664 3040
4665 3464
4666 965
4667 133
4668 6040
4669 2989
4670 409
4671 3223
4672 1234
4673 5396
4674 4160
4675 5522
4676 2634
4677 8468
4678 1373
4679 9565
4680 30
4681 6280
4682 6061
4683 9702
4684 8289
4685 2792
4686 7054
4687 1015
4688 3601
4689 3851
4690 2666
4691 572
4692 8831
4693 7686
4694 3433
4695 3898
4696 4976
4697 1331
4698 5304
4699 8151
4700 8661
4701 5863
4702 9992
4703 6842
4704 1661
4705 2507
4706 2398
4707 9777
4708 5114
4709 2447
4710 6228
4711 1235
4712 6625
4713 492
4714 1187
4715 6254
4716 6228
4717 128
4718 6437
4719 1556
4720 2989
4721 4749
4722 9168
4723 1556
4724 7118
4725 4905
4726 3760
4727 3305
4728 2258
4729 6204
4730 9702
4731 5966
4732 2732
4733 6437
4734 8555
4735 3710
4736 9401
4737 8913
4738 9325
4739 1816
4740 6437
4741 8267
4742 6586
4743 2989
4744 6061
4745 4647
4746 9181
4747 1661
4748 5222
4749 3933
4750 5165
4751 8659
4752 7263
4753 1622
4754 4981
4755 6228
4756 6445
4757 7066
4758 8065
4759 9720
4760 6556
4761 9702
4762 3576
4763 821
4764 231
4765 9103
4766 6955
4767 1556
4768 5908
4769 720
4770 8616
4771 6926
4772 69
4773 4501
4774 1103
4775 7490
4776 1556
4777 262
4778 7300
4779 6313
4780 1516
4781 8349
4782 1501
4783 3892
4784 8311
4785 6024
4786 3780
4787 7195
4788 6455
4789 5172
4790 6437
4791 6437
4792 6586
4793 1661
4794 6566
4795 828
4796 9165
4797 5535
4798 6734
4799 1024
4800 8772
4801 1556
4802 8441
4803 4360
4804 6437
4805 7734
4806 1556
4807 1726
4808 249
4809 9648
4810 7572
4811 3385
4812 9776
4813 5413
4814 3542
4815 4778
4816 8806
4817 9829
4818 1450
4819 8468
4820 2384
4821 3818
4822 7839
4823 4542
4824 8065
4825 3854
4826 6437
4827 6228
4828 8594
4829 2666
4830 2853
4831 2633
4832 1971
4833 781
4834 6114
4835 3474
4836 3182
4837 557
4838 2342
4839 5165
4840 7734
4841 9123
4842 3710
4843 6024
4844 6062
4845 2358
4846 1600
4847 2504
4848 5939
4849 6437
4850 2612
4851 1868
4852 1661
4853 505
4854 3733
4855 8806
4856 4361
4857 4064
4858 492
4859 584
4860 1556
4861 8417
4862 3105
4863 781
4864 3733
4865 1600
4866 8435
4867 5931
4868 8818
4869 5532
4870 387
4871 6437
4872 6045
4873 6024
4874 4378
4875 2258
4876 7003
4877 4341
4878 1654
4879 6753
4880 7167
4881 6437
4882 6516
4883 8468
4884 4820
4885 1716
4886 8659
4887 8659
4888 4172
4889 7231
4890 449
4891 6437
4892 6913
4893 4501
4894 6024
4895 3176
4896 6034
4897 1180
4898 3018
4899 6922
4900 8592
4901 7261
4902 8379
4903 8436
4903 8379
4904 5863
4905 584
4906 1211
4907 2398
4908 2907
4909 8120
4910 4194
4911 2754
4912 6228
4913 8713
4914 6437
4915 6228
4916 9688
4917 7216
4918 5306
4919 8597
4920 8472
4921 4570
4922 1661
4923 5165
4924 1622
4925 6811
4926 4800
4927 7352
4928 8411
4929 2924
4930 5782
4931 2342
4932 5982
4933 6437
4934 8621
4935 6039
4936 4530
4937 2666
4938 5650
4939 6828
4940 3494
4941 1281
4942 2845
4943 776
4944 2924
4945 1726
4946 7263
4947 9878
4948 6024
4949 3892
4950 5239
4951 9356
4952 128
4953 6437
4954 3498
4955 6126
4956 7263
4957 5074
4958 7518
4959 4069
4960 9516
4961 3932
4962 8099
4963 1373
4964 6437
4965 2260
4966 6770
4967 7230
4968 6437
4969 2236
4970 6437
4971 8999
4972 9150
4973 6437
4974 9813
4975 6437
4976 6583
4977 9808
4978 776
4979 3858
4980 8808
4981 1600
4982 6736
4983 781
4984 6024
4985 1103
4986 8396
4987 3061
4988 5724
4989 492
4990 505
4991 69
4992 5514
4993 5823
4994 5084
4995 1965
4996 8935
4997 71
4998 1556
4999 7288
5000 8943
5001 9439
5002 3398
5003 1556
5004 3018
5005 928
5006 5268
5007 9516
5008 9506
5009 3058
5010 8927
5011 5514
5012 1556
5013 2395
5014 1453
5015 2946
5016 9750
5017 3033
5018 8285
5019 2728
5020 6288
5021 9590
5022 4261
5023 2213
5024 3402
5025 8007
5026 4110
5027 2371
5028 5640
5029 7358
5030 6975
5031 802
5032 7089
5033 534
5034 9433
5035 1239
5036 943
5037 2342
5038 5413
5039 7208
5040 2137
5041 1556
5042 1495
5043 4332
5044 7216
5045 5535
5046 4037
5047 1816
5048 5477
5049 3381
5050 3858
5051 6925
5052 4361
5053 6454
5054 3264
5055 3329
5056 1373
5057 6437
5058 2869
5059 767
5060 5646
5061 3193
5062 7336
5063 7505
5064 1180
5065 1556
5066 1236
5066 3021
5067 424
5068 4849
5069 8968
5070 7023
5071 6437
5072 5436
5073 6437
5074 6024
5075 6289
5076 1661
5077 4361
5078 8329
5079 6040
5080 5306
5081 3248
5082 6024
5083 6361
5084 8469
5085 5409
5086 3955
5087 6161
5088 6024
5089 4015
5090 6437
5091 2732
5092 8150
5093 5966
5094 61
5095 4308
5096 7524
5097 9422
5098 9499
5099 602
5100 3194
5101 3710
5102 1556
5103 4516
5104 9792
5105 7164
5106 6437
5107 5402
5108 69
5109 857
5110 9517
5111 9381
5112 1209
5113 2879
5114 6245
5115 866
5116 6437
5117 3093
5118 69
5119 1670
5120 4820
5121 8065
5122 2666
5123 3858
5124 2242
5125 3631
5126 424
5127 1654
5128 6214
5129 8252
5130 4733
5131 9172
5132 4210
5133 6437
5134 7140
5135 3286
5136 2792
5137 4650
5138 8036
5139 1816
5140 9690
5141 1854
5142 781
5143 7552
5144 5418
5145 2989
5146 1600
5147 438
5148 6023
5149 9433
5150 387
5151 4007
5152 7172
5153 1556
5154 8267
5155 6987
5156 1556
5157 7871
5158 6437
5159 8505
5160 9891
5161 5396
5162 4807
5163 8659
5164 4101
5165 5396
5166 8689
5167 6024
5168 9702
5169 9103
5170 240
5171 3041
5172 3443
5173 5532
5174 1556
5175 6648
5176 2641
5177 6437
5178 5734
5179 6437
5180 6853
5181 589
5182 7261
5183 3009
5184 1661
5185 7510
5186 2507
5187 4607
5188 2989
5189 7734
5190 1025
5191 9517
5192 8150
5193 4583
5194 5035
5195 4958
5196 8659
5197 8304
5198 255
5199 3194
5200 5522
5201 467
5202 467
5203 6437
5204 7192
5205 1610
5206 3869
5207 2443
5208 2709
5209 7839
5210 7666
5211 7734
5212 5347
5213 386
5214 717
5215 1556
5216 505
5217 1556
5218 5091
5219 2023
5220 4078
5221 3302
5222 7847
5223 1556
5224 1556
5225 4848
5226 9792
5227 5413
5228 7986
5229 965
5230 4031
5231 259
5232 7734
5233 8084
5234 2587
5235 1556
5236 4679
5237 6437
5238 4007
5239 8659
5240 3078
5241 9499
5242 2371
5243 3733
5244 616
5245 6607
5246 7319
5247 1600
5248 176
5249 1111
5250 720
5251 5966
5252 4360
5253 3710
5254 128
5255 6024
5256 781
5257 7572
5258 1124
5259 8932
5260 3632
5261 2258
5262 492
5263 7164
5264 8266
5265 2036
5266 2302
5267 3733
5268 594
5269 6582
5270 7233
5271 6437
5272 5887
5273 6437
5274 6590
5275 5396
5276 9776
5277 6646
5278 8252
5279 6913
5280 564
5281 1937
5282 492
5283 5336
5284 5974
5285 8015
5286 584
5287 408
5288 8590
5289 7873
5290 259
5291 4396
5292 1501
5293 6024
5294 6024
5295 5396
5296 7097
5297 3782
5298 4341
5299 2398
5300 1556
5301 5396
5302 3858
5303 3854
5304 4698
5305 959
5306 3989
5307 176
5308 6061
5309 1453
5310 408
5311 1189
5312 505
5313 9235
5314 6176
5315 2258
5316 1657
5317 6437
5318 9126
5319 7209
5320 3057
5321 467
5322 1816
5323 2435
5324 4341
5325 553
5326 6889
5327 6588
5328 1556
5329 69
5330 2666
5331 5577
5332 7261
5333 9517
5334 1600
5335 1217
5336 5283
5337 6437
5338 6596
5339 6040
5340 5614
5341 6437
5342 5023
5343 2968
5344 5316
5345 7263
5346 1279
5347 5212
5348 1556
5349 6437
5350 1048
5351 505
5352 4037
5353 6648
5354 2641
5355 8300
5356 7089
5357 9706
5358 953
5359 9802
5360 7501
5361 7351
5362 6434
5363 7469
5364 9499
5365 6437
5366 8313
5367 9041
5368 5115
5369 7632
5370 7623
5371 1499
5372 8659
5373 6890
5374 8120
5375 7542
5376 2928
5377 5928
5378 857
5379 2828
5380 6653
5381 9565
5382 4291
5383 2666
5384 3099
5385 716
5386 1556
5387 2342
5388 5316
5389 8077
5390 1600
5391 1480
5392 133
5393 1450
5394 866
5395 9776
5396 5165
5397 8603
5398 8659
5399 4802
5400 8267
5401 897
5402 440
5403 5597
5404 4416
5405 6437
5406 3700
5407 6437
5408 5998
5409 6437
5410 6714
5411 333
5412 2841
5413 5038
5414 249
5415 9776
5416 9755
5417 7552
5418 128
5419 2371
5420 1600
5421 7734
5422 5984
5423 4031
5424 7300
5425 6305
5426 5396
5427 865
5428 3078
5429 4596
5430 5216
5431 9026
5432 6437
5433 1509
5434 2258
5435 6228
5436 3445
5437 7849
5438 942
5439 3601
5440 3632
5441 9702
5442 6529
5443 5919
5444 1556
5445 1556
5446 1600
5447 8784
5448 1650
5449 6161
5450 7060
5451 1556
5452 505
5453 3710
5454 9870
5455 3385
5456 5469
5457 3565
5458 3448
5459 965
5460 1556
5461 1501
5462 2398
5463 5789
5464 5863
5465 5165
5466 5970
5467 7818
5468 6739
5469 9325
5470 928
5471 7734
5472 8569
5473 3632
5474 852
5475 1556
5476 6024
5477 4579
5478 1600
5479 1028
5480 9574
5481 4779
5482 1480
5483 9321
5484 1556
5485 1560
5486 1163
5487 9684
5488 4076
5489 6161
5490 2653
5491 2550
5492 2916
5493 9422
5494 2410
5495 128
5496 7572
5497 720
5498 9574
5499 3366
5500 6247
5501 8313
5502 5464
5503 7572
5504 1635
5505 1556
5506 6437
5507 3854
5508 8051
5509 9687
5510 2790
5511 6825
5512 8015
5513 1474
5514 8529
5515 6024
5516 6596
5517 6811
5518 9687
5519 7834
5520 9792
5521 1556
5522 8255
5523 6119
5524 3443
5525 6437
5526 6228
5527 9026
5528 1661
5529 6434
5530 8292
5531 5396
5532 6437
5533 828
5534 6437
5535 3589
5536 6437
5537 7053
5538 7263
5539 3894
5540 6648
5541 1024
5542 3099
5543 6437
5544 2605
5545 2342
5546 1398
5547 4967
5548 3194
5549 4974
5550 1111
5551 4588
5552 7744
5553 3021
5554 5009
5555 1600
5556 8741
5557 4260
5558 3854
5559 9346
5560 5246
5561 4607
5562 315
5563 9907
5564 3854
5565 7552
5566 493
5567 302
5568 9597
5569 5986
5570 555
5571 3616
5572 6437
5573 4889
5574 1511
5575 8481
5576 6437
5577 5396
5578 7014
5579 5165
5580 2240
5581 8051
5582 1052
5583 5627
5584 5730
5585 1335
5586 3851
5587 1480
5588 3248
5589 8899
5590 5165
5591 2545
5592 5919
5593 6625
5594 424
5595 9648
5596 4732
5597 953
5598 6596
5599 4341
5600 9691
5601 5791
5602 9885
5603 5691
5604 6304
5605 1556
5606 1556
5607 1474
5608 8927
5609 6655
5610 2371
5611 8084
5612 3113
5613 6436
5614 3194
5615 4820
5616 2439
5617 6437
5618 866
5619 4848
5620 9642
5621 3473
5622 6288
5623 6282
5624 4341
5625 5522
5626 1600
5627 5583
5628 3733
5629 8169
5630 4874
5631 6437
5632 98
5633 6811
5634 1915
5635 9176
5636 897
5637 7089
5638 4910
5639 2371
5640 2213
5641 3040
5642 6586
5643 6437
5644 1600
5645 5396
5646 1816
5647 1656
5648 3659
5649 4341
5650 4938
5651 5648
5652 9702
5653 2019
5654 6588
5655 9422
5656 1963
5657 1816
5658 2559
5659 9176
5660 8261
5661 4571
5662 6018
5663 1661
5664 9978
5665 9648
5666 781
5667 3093
5668 8464
5669 3710
5670 2250
5671 5835
5672 6289
5673 3021
5674 7966
5675 6437
5676 1522
5677 5851
5678 5396
5679 6437
5680 6454
5681 7667
5682 7667
5683 802
5684 6437
5685 5773
5686 3494
5687 2670
5688 953
5689 61
5690 6437
5691 5603
5692 7233
5693 5251
5694 8379
5695 5788
5696 8472
5697 2989
5698 4051
5699 5396
5700 6687
5701 8519
5702 935
5703 9235
5704 1726
5705 1251
5706 9317
5707 9179
5708 5311
5709 8194
5710 2672
5711 2666
5712 8051
5713 1661
5714 965
5715 8468
5716 4242
5717 897
5718 9176
5719 5604
5720 781
5721 6085
5722 386
5723 1279
5724 3858
5725 880
5726 2865
5727 9690
5728 9776
5729 7192
5730 1661
5731 1072
5732 8007
5733 4260
5734 3273
5735 3932
5736 316
5737 8121
5738 912
5739 3009
5740 386
5741 1358
5742 4361
5743 6190
5744 4360
5745 9792
5746 935
5747 140
5748 3398
5749 965
5750 4007
5751 7734
5752 467
5753 7696
5754 1556
5755 3075
5756 1556
5757 1726
5758 6338
5759 4310
5760 6228
5761 4759
5762 3000
5763 8770
5764 8927
5765 9390
5766 424
5767 493
5768 3883
5769 3818
5770 9371
5771 6023
5772 467
5773 6922
5774 5650
5775 8261
5776 7140
5777 5880
5778 6437
5779 5115
5780 5908
5781 4361
5782 4831
5783 5026
5784 3773
5785 1600
5786 1742
5787 5522
5788 5646
5789 589
5790 2649
5791 5601
5792 2501
5793 3659
5794 9219
5795 3194
5796 2545
5797 1610
5798 880
5799 5908
5800 5708
5801 9516
5802 5912
5803 3604
5804 1111
5805 7839
5806 2752
5807 7216
5808 6588
5809 6316
5810 3143
5811 7236
5812 6437
5813 4679
5814 7799
5815 2230
5816 6437
5817 4378
5818 776
5819 3137
5820 6991
5821 6052
5822 8253
5823 8629
5824 8808
5825 4114
5826 802
5827 5165
5828 4336
5829 6353
5830 4261
5831 9629
5832 9163
5833 8902
5834 866
5835 3041
5836 9123
5837 9690
5838 6069
5839 9776
5840 7030
5841 1556
5842 9687
5843 8472
5844 2258
5845 3869
5846 6161
5847 4612
5848 3718
5849 3789
5850 965
5851 6143
5852 7192
5853 1656
5854 5026
5855 7263
5856 5589
5857 5646
5858 6766
5859 1804
5860 9570
5861 4131
5862 9458
5863 4289
5864 6825
5865 7572
5866 4999
5867 688
5868 4341
5869 9163
5870 9123
5871 4361
5872 3851
5873 6161
5874 8590
5875 492
5876 2964
5877 9891
5878 5311
5879 5396
5880 273
5881 1145
5882 69
5883 767
5884 1569
5885 6024
5886 4626
5887 5272
5888 4247
5889 1854
5890 8772
5891 5329
5892 8659
5893 133
5894 1547
5895 3046
5896 8597
5897 2395
5898 9517
5899 8065
5900 9270
5901 1661
5902 7394
5903 133
5904 2542
5905 2316
5906 1522
5907 133
5908 8329
5909 4905
5910 5396
5911 3769
5912 3710
5913 1816
5914 5314
5915 682
5916 6388
5917 4424
5918 387
5919 2124
5920 789
5921 7261
5922 1474
5923 6437
5924 7968
5925 505
5926 47
5927 1556
5928 1245
5929 7871
5930 3423
5931 4867
5932 177
5933 6991
5934 781
5935 4341
5936 3991
5937 6437
5938 1654
5939 4848
5940 5973
5941 5659
5942 8073
5943 5522
5944 7771
5945 1176
5946 8656
5947 6437
5948 2666
5949 6687
5950 7192
5951 1556
5952 6982
5953 3589
5954 6436
5955 6437
5956 3973
5957 6671
5958 6293
5959 2863
5960 1661
5961 1848
5962 4501
5963 1556
5964 3119
5965 781
5966 5251
5967 4524
5968 492
5969 1446
5970 5466
5971 6648
5972 7617
5973 8189
5974 1516
5975 3000
5976 3718
5977 1151
5978 8594
5979 9813
5980 6228
5981 2330
5982 69
5983 9172
5984 9296
5985 1158
5986 1490
5987 4820
5988 8429
5989 3713
5990 8204
5991 5306
5992 6437
5993 3322
5994 5646
5995 8641
5996 1829
5997 3851
5998 3286
5999 2865
6000 866
6001 9058
6002 1453
6003 1863
6004 2371
6005 3377
6006 4261
6007 9099
6008 2371
6009 3894
6010 492
6011 8787
6012 6770
6013 4542
6014 7696
6015 6588
6016 3093
6017 1412
6018 8597
6019 4539
6020 6437
6021 4654
6022 4111
6023 5771
6024 9792
6025 717
6026 3308
6027 4913
6028 9355
6029 1600
6030 4669
6031 9648
6032 492
6033 5789
6034 2068
6035 680
6036 7187
6037 6437
6038 7542
6038 8623
6039 6297
6040 3737
6041 9099
6042 8659
6043 8329
6044 4606
6045 4872
6046 9745
6047 7821
6048 8077
6049 9776
6050 7874
6051 1516
6052 2800
6053 2924
6054 8077
6055 4416
6056 3823
6057 9792
6058 8597
6059 9499
6060 1556
6061 3780
6062 4844
6063 1556
6064 9565
6065 2371
6066 4629
6067 4820
6068 4267
6069 9811
6070 7738
6070 4333
6071 781
6072 7734
6073 2859
6074 6982
6075 4583
6076 9568
6077 4947
6078 7263
6079 8589
6080 3733
6081 1176
6082 2398
6083 7552
6084 2258
6085 2242
6086 2545
6087 424
6088 6289
6089 4101
6090 4501
6091 6437
6092 7886
6093 2330
6094 1661
6095 8488
6096 8468
6097 7552
6098 7466
6099 505
6100 1990
6101 5535
6102 789
6103 5789
6104 4732
6105 30
6106 8051
6107 7393
6108 4260
6109 1833
6110 9878
6111 7875
6112 6852
6113 8754
6114 4834
6115 8054
6116 3806
6117 6437
6118 5115
6119 6982
6120 7518
6120 4112
6121 9687
6122 6410
6123 2283
6124 2315
6125 1556
6126 6437
6127 5396
6128 1886
6129 9595
6130 1622
6131 492
6132 3955
6133 7151
6134 9439
6135 2395
6136 231
6137 1915
6138 7772
6139 7233
6140 2398
6141 8659
6142 5659
6143 5587
6144 1622
6145 9776
6146 9688
6147 9088
6148 6228
6149 107
6150 4473
6151 7882
6152 6039
6153 6531
6154 2471
6155 5489
6156 5404
6157 3733
6158 6023
6159 3652
6160 6437
6161 802
6162 5724
6163 965
6164 5646
6165 3710
6166 1654
6167 2666
6168 14
6169 5998
6170 5753
6171 7734
6172 4954
6173 4501
6174 6038
6175 8927
6176 5314
6177 452
6178 5396
6179 2022
6180 2754
6181 8465
6182 1556
6183 611
6184 5514
6185 7666
6186 4501
6187 866
6188 5959
6189 6025
6190 8680
6191 6164
6192 4776
6193 4561
6194 9986
6195 5165
6196 48
6197 4242
6198 2784
6199 2545
6200 4947
6201 4999
6202 6255
6203 6190
6204 4729
6205 505
6206 6437
6207 7721
6208 6069
6209 9776
6210 6190
6211 5396
6212 7667
6213 2288
6214 408
6215 3851
6216 8659
6217 759
6218 1181
6219 6039
6220 9776
6221 2702
6222 1421
6223 7056
6224 682
6224 5915
6225 4341
6226 6435
6227 2196
6228 897
6229 3710
6230 273
6231 2083
6232 966
6233 6437
6234 9026
6235 9015
6236 8335
6237 6024
6238 8311
6239 9422
6240 2605
6241 133
6242 3521
6243 9701
6244 6437
6245 5114
6246 9160
6247 6966
6248 9255
6249 3858
6250 231
6251 8468
6252 584
6253 9325
6254 7415
6255 1041
6256 4791
6257 1600
6258 8015
6259 6437
6260 3710
6261 4608
6262 6437
6263 2317
6264 6437
6265 9062
6266 1749
6267 1331
6268 3851
6269 3589
6270 2605
6271 6039
6272 7632
6273 3329
6274 1600
6275 9813
6276 3710
6277 3677
6278 8219
6279 7393
6280 9993
6281 2666
6282 7167
6283 7580
6284 6437
6285 2250
6286 5661
6287 1841
6288 5622
6289 6437
6290 424
6291 5032
6292 857
6293 9501
6294 4889
6295 3631
6296 9471
6297 3851
6298 5514
6299 6437
6300 3858
6301 8054
6302 8311
6303 2258
6304 5604
6305 5646
6306 7002
6307 3302
6308 133
6309 8007
6310 8292
6311 866
6312 7861
6313 1600
6314 6612
6315 8555
6316 5809
6317 1751
6318 8802
6319 6024
6320 2288
6321 7882
6322 1556
6323 3056
6324 3423
6325 8468
6326 9792
6327 9691
6328 1915
6329 7216
6330 9926
6331 2646
6332 7909
6333 9776
6334 1854
6335 2371
6336 6913
6337 5098
6338 333
6339 3710
6340 1556
6341 8659
6342 9565
6343 965
6344 4606
6345 953
6346 4273
6347 2371
6348 1035
6349 6024
6350 2398
6351 4210
6352 5396
6353 1821
6354 7799
6355 965
6356 1174
6357 6499
6358 8007
6359 2371
6360 5396
6361 876
6362 3025
6363 7875
6364 9296
6365 6003
6366 644
6367 2533
6368 6871
6369 3710
6370 2924
6371 5165
6372 964
6373 319
6374 6040
6375 8848
6376 8597
6377 8007
6378 492
6379 9551
6380 8488
6381 2250
6382 2502
6383 6161
6384 6586
6385 5784
6386 2193
6387 1226
6388 1516
6389 1556
6390 3084
6391 5162
6392 9701
6393 1556
6394 1556
6395 7118
6396 9163
6397 1556
6398 6842
6399 5038
6400 1620
6401 1556
6402 3000
6403 7899
6404 6811
6405 9457
6406 1556
6407 5514
6408 9346
6409 1556
6410 6122
6411 9058
6412 866
6413 5529
6414 9026
6415 863
6416 6045
6417 8121
6418 6437
6419 2695
6420 1600
6421 2396
6422 1556
6423 69
6424 6958
6425 7253
6426 9516
6427 3176
6428 6958
6429 408
6430 8597
6431 1853
6432 9690
6433 6725
6434 7734
6435 4210
6436 4431
6437 467
6438 389
6439 4504
6440 1821
6441 3851
6442 1029
6443 6039
6444 492
6445 8481
6446 1999
6447 38
6448 3521
6449 7981
6450 6823
6451 8927
6452 1439
6453 1556
6454 8204
6455 6540
6456 4341
6457 3000
6458 1556
6459 4037
6460 7060
6461 3680
6462 5920
6463 6024
6464 3105
6465 6842
6466 1600
6467 6436
6468 6247
6469 5421
6470 2545
6471 9648
6472 2347
6473 8696
6474 7253
6475 1556
6476 1556
6477 7060
6478 5919
6479 3851
6480 6596
6481 1654
6482 1053
6483 2342
6484 965
6485 9870
6486 3280
6487 7552
6488 1908
6489 1635
6490 1163
6491 3498
6492 3275
6493 4523
6494 4634
6495 7984
6496 3056
6497 7541
6498 7170
6499 3475
6500 5306
6501 2666
6502 5696
6503 1490
6504 3601
6505 3648
6506 1556
6507 6396
6508 4820
6509 7775
6510 3280
6511 8324
6512 965
6513 1556
6514 5396
6515 1890
6516 4882
6517 6437
6518 7466
6519 1816
6520 4974
6521 1556
6522 8555
6523 1556
6524 3710
6525 3601
6526 9371
6527 6312
6528 1661
6529 5442
6530 1556
6531 8629
6532 4246
6533 5522
6534 4261
6535 1251
6536 3586
6537 4289
6538 8501
6539 5933
6540 6455
6541 3280
6542 2097
6543 3955
6544 9452
6545 8007
6546 2369
6547 2792
6548 4024
6549 6437
6550 7871
6551 286
6552 4289
6553 9065
6554 2735
6555 3137
6556 7466
6557 3815
6558 3858
6559 6437
6560 8121
6561 6437
6562 6437
6563 4516
6564 5396
6565 8489
6566 7192
6567 5724
6568 7825
6569 6437
6570 389
6571 1453
6572 3398
6573 781
6574 1556
6575 4732
6576 2398
6577 8934
6578 7192
6579 8013
6580 113
6581 3372
6582 6646
6583 4976
6584 8195
6585 9303
6586 4655
6587 6646
6588 2545
6589 1556
6590 5274
6591 8782
6592 6228
6593 2222
6594 1654
6595 1991
6596 1600
6597 6437
6598 9648
6599 9158
6600 4086
6601 3889
6602 5306
6603 6071
6604 8590
6605 2691
6606 857
6607 5245
6608 5396
6609 3273
6610 9602
6611 484
6612 273
6613 1052
6614 1499
6615 3377
6616 5226
6617 2363
6618 8311
6619 6379
6620 5645
6621 603
6622 2924
6623 3869
6624 4807
6625 5593
6626 389
6627 1239
6628 8927
6629 3809
6630 2526
6631 5966
6632 6437
6633 1556
6634 2230
6635 3312
6636 8891
6637 9822
6638 6437
6639 6024
6640 6828
6641 7483
6642 612
6643 6437
6644 2242
6645 6282
6646 492
6647 6161
6648 3818
6649 259
6650 7331
6651 5721
6652 69
6653 467
6654 9776
6655 5609
6656 4965
6657 6392
6658 3776
6659 133
6660 6958
6661 3397
6662 866
6663 940
6664 5165
6665 6437
6666 5084
6667 2666
6668 602
6669 4110
6670 4152
6671 5957
6672 7231
6673 5384
6674 6989
6675 6982
6676 2550
6677 7666
6678 1342
6679 5514
6680 9702
6681 4655
6682 1841
6683 9019
6684 912
6685 4882
6686 4867
6687 9792
6688 6607
6689 7775
6690 2735
6691 966
6692 965
6693 4593
6694 6024
6695 623
6696 2398
6697 717
6698 7045
6699 1137
6700 1556
6701 9063
6702 1556
6703 87
6704 3093
6705 4007
6706 4226
6707 4931
6708 7552
6709 8288
6710 4035
6711 7938
6712 1661
6713 4239
6714 2242
6715 5597
6716 3402
6717 1310
6718 2168
6719 4807
6720 6586
6721 1661
6722 3230
6723 492
6724 2666
6725 928
6726 1516
6727 1959
6728 7359
6729 6630
6730 8051
6731 6437
6732 1863
6733 3894
6734 5724
6735 6673
6736 3765
6737 5596
6738 3710
6739 8866
6740 3003
6741 5532
6742 5396
6743 4910
6744 4056
6745 6437
6746 2849
6747 9565
6748 2784
6749 759
6750 2447
6751 2924
6752 3894
6753 6437
6754 6736
6755 3726
6756 9565
6757 467
6758 3194
6759 1661
6760 3521
6761 6556
6762 4090
6763 5795
6764 7331
6765 6437
6766 5858
6767 7734
6768 1368
6769 1661
6770 2862
6771 5532
6772 4629
6773 5789
6774 6437
6775 8468
6776 4436
6777 8578
6778 4682
6779 9327
6780 1036
6781 4722
6782 4341
6783 1027
6784 6039
6785 7572
6786 4612
6787 9422
6788 9702
6789 467
6790 504
6791 9888
6792 9870
6793 5165
6794 8528
6795 842
6796 1630
6797 9702
6798 1967
6799 53
6800 7799
6801 8849
6802 3040
6803 1057
6804 7572
6805 6085
6805 2242
6806 9776
6807 8488
6808 5646
6809 1622
6810 6811
6811 3398
6812 8065
6813 2371
6814 5650
6815 4269
6816 9690
6817 7344
6818 492
6819 7572
6820 5724
6821 865
6822 965
6823 7820
6824 1600
6825 4135
6826 1556
6827 449
6828 9422
6829 885
6830 4101
6831 9062
6832 9464
6833 1661
6834 5402
6835 7572
6836 2924
6837 8659
6838 828
6839 4493
6840 6437
6841 9123
6842 1288
6843 7808
6844 5336
6845 3789
6846 8641
6847 7961
6848 5311
6849 8189
6850 5072
6851 4242
6852 9013
6853 2831
6853 673
6854 4260
6855 5135
6856 2666
6857 4897
6858 4872
6859 6975
6860 1343
6861 6175
6862 720
6863 2324
6864 3423
6865 1556
6866 3093
6867 9941
6868 6437
6869 6437
6870 6437
6871 4999
6872 4260
6873 1556
6874 7709
6875 720
6876 5335
6877 2666
6878 1239
6879 5442
6880 7140
6881 3601
6882 6588
6883 1661
6884 8592
6885 3159
6885 9825
6886 2989
6887 1676
6888 2545
6889 5326
6890 3123
6891 8954
6892 9432
6893 8592
6894 6395
6895 296
6896 720
6897 5522
6898 1821
6899 965
6900 4243
6901 688
6902 2541
6903 6024
6904 5396
6905 6437
6906 1025
6907 9891
6908 3908
6909 7491
6910 3329
6911 7015
6912 3137
6913 965
6914 8806
6915 1279
6916 1048
6917 5354
6918 1057
6919 8065
6920 4099
6921 8968
6922 6437
6923 1453
6924 1231
6925 8714
6926 4771
6927 9687
6928 1330
6929 8995
6930 7775
6931 6718
6932 4378
6933 7799
6934 1231
6935 5974
6936 9065
6937 4360
6938 1007
6939 9474
6940 492
6941 9905
6942 2224
6943 8659
6944 6437
6945 8429
6946 6437
6947 4844
6948 6228
6949 9565
6950 114
6951 7263
6952 3398
6953 6437
6954 4847
6955 2302
6956 5115
6957 5114
6958 8051
6959 6024
6960 8473
6961 688
6962 8108
6963 6310
6964 2762
6965 6675
6966 6247
6967 5421
6968 7552
6969 5650
6970 5165
6971 6437
6972 274
6973 1821
6974 3326
6975 1854
6976 7839
6977 3056
6978 9870
6979 3395
6980 6062
6981 8247
6982 5952
6983 3262
6984 7263
6985 5140
6986 8692
6987 6811
6988 133
6989 6818
6990 3235
6991 1238
6992 8787
6993 965
6994 4837
6995 2205
6996 3176
6997 5396
6998 5442
6999 8460
7000 9807
7001 7734
7002 6282
7003 4876
7004 4341
7005 6758
7006 6437
7007 408
7008 5974
7009 3647
7010 5789
7011 2026
7012 6437
7013 8991
7014 9724
7015 6243
7016 4086
7017 128
7018 1432
7019 9807
7020 2691
7021 1556
7022 1556
7023 8629
7024 7192
7025 680
7026 5522
7027 7910
7028 7785
7029 3143
7030 3322
7031 2419
7032 8201
7033 4111
7034 9163
7035 1556
7036 386
7037 5532
7038 3858
7039 1991
7040 133
7041 6790
7042 2260
7043 3073
7044 9688
7045 5490
7046 2993
7047 6550
7048 6437
7049 6228
7050 8819
7051 5829
7052 6454
7053 7644
7054 4686
7055 467
7056 3176
7057 9235
7058 467
7059 467
7060 1556
7061 9808
7062 404
7063 3194
7064 6437
7065 5863
7066 4757
7067 2545
7068 6437
7069 3925
7070 2989
7071 6436
7072 6039
7073 2504
7074 9211
7075 4222
7076 4267
7077 9439
7078 7263
7079 7261
7080 8311
7081 4416
7082 2036
7083 5135
7084 3123
7085 5896
7086 9517
7087 6760
7088 3395
7089 9574
7090 866
7091 2342
7092 1189
7093 1556
7094 8782
7095 4842
7096 3328
7097 9776
7098 4874
7099 7223
7100 6646
7101 6392
7102 8592
7103 1556
7104 2299
7105 1251
7106 1600
7107 316
7108 4679
7109 9355
7110 1875
7111 7734
7112 7834
7113 1816
7114 2605
7115 5418
7116 5396
7117 6024
7118 6395
7119 2478
7120 492
7121 7231
7122 3754
7123 3789
7124 8978
7125 9993
7126 2032
7127 3878
7128 7368
7129 2670
7130 7056
7131 3712
7132 2603
7133 8120
7134 7974
7135 9317
7136 3490
7137 953
7138 1971
7139 3652
7140 35
7141 3056
7142 4779
7143 1245
7144 5396
7145 9337
7146 505
7147 9062
7148 2939
7149 4686
7150 3858
7151 866
7152 3589
7153 9287
7154 1556
7155 7056
7156 4265
7157 3858
7158 6436
7159 1600
7160 2260
7161 3858
7162 9484
7163 5402
7164 3194
7165 1073
7166 3710
7167 938
7168 7915
7169 4965
7170 6498
7171 3754
7172 5152
7173 1816
7174 5099
7175 8027
7176 1600
7177 8335
7178 953
7179 215
7180 2407
7181 7219
7182 9471
7183 7626
7184 9325
7185 505
7186 1656
7187 9390
7188 4101
7189 3851
7190 140
7191 1029
7192 9595
7193 1029
7194 5165
7195 3710
7196 1320
7197 8329
7198 9091
7199 4101
7200 8253
7201 6312
7202 1556
7203 9499
7204 329
7205 6161
7206 386
7207 3134
7208 5039
7209 69
7210 4889
7211 9648
7212 3021
7213 1600
7214 1600
7215 6437
7216 5044
7217 6437
7218 4060
7219 7181
7220 9688
7221 1650
7222 966
7223 240
7224 6436
7225 3677
7226 6681
7227 3892
7228 3293
7229 6437
7230 8396
7231 7848
7232 6437
7233 408
7234 8956
7235 1745
7236 2661
7237 6214
7238 1622
7239 7458
7240 5396
7241 7673
7242 386
7243 1556
7244 1661
7245 8453
7246 2083
7247 2258
7248 409
7249 1556
7250 8468
7251 2545
7252 4501
7253 1556
7254 5789
7255 756
7256 5396
7257 959
7258 2260
7259 2741
7260 5926
7261 3218
7262 1556
7263 781
7264 9776
7265 7824
7266 424
7267 2358
7268 1235
7269 9813
7270 2666
7271 6842
7272 7552
7273 1600
7274 720
7275 1829
7276 6131
7277 3119
7278 9296
7279 5538
7280 231
7281 6312
7282 5782
7283 3194
7284 2258
7285 9702
7286 4341
7287 6436
7288 2398
7289 5597
7290 3056
7291 4341
7292 781
7293 928
7294 9063
7295 5514
7296 4112
7297 5782
7298 1556
7299 1398
7300 4778
7301 1293
7302 8806
7303 6437
7304 7552
7305 6437
7306 933
7307 250
7308 8468
7309 1556
7310 2951
7311 8460
7312 7805
7313 6228
7314 6190
7315 4203
7316 5103
7317 6437
7318 1556
7319 5246
7320 4670
7321 8435
7322 7056
7323 4679
7324 8303
7325 9600
7326 1048
7327 3362
7328 2342
7329 1556
7330 2398
7331 5593
7332 1999
7333 3910
7334 2989
7335 7352
7336 8488
7337 6714
7338 7452
7339 6175
7340 6437
7341 9636
7342 6295
7343 9792
7344 2607
7345 5409
7346 3366
7347 1556
7348 3680
7349 5753
7350 6024
7351 5038
7352 9439
7353 5023
7354 4289
7355 7666
7356 1025
7357 1556
7358 5029
7359 6728
7360 2255
7361 133
7362 1335
7363 1288
7364 6436
7365 6646
7366 5940
7367 5787
7368 717
7369 4008
7370 4092
7371 5581
7372 9260
7373 6616
7374 2511
7375 965
7376 3014
7377 8912
7378 721
7379 7871
7380 4686
7381 5587
7382 4242
7383 8840
7384 2447
7385 1931
7386 5782
7387 8699
7388 3659
7389 5421
7390 7140
7391 1373
7392 2666
7393 3659
7394 5902
7395 5265
7396 1749
7397 6024
7398 3710
7399 1600
7400 8659
7401 9353
7402 5863
7403 5409
7404 8641
7405 5789
7406 8429
7407 6758
7408 4051
7409 23
7410 7875
7411 9690
7412 289
7413 5109
7414 6024
7415 9176
7416 8555
7417 4679
7418 9317
7419 1293
7420 1231
7421 4807
7422 7216
7423 1386
7424 1088
7425 3892
7426 7882
7427 6979
7428 8197
7429 8462
7430 1394
7431 9063
7432 9430
7433 8961
7434 4532
7435 2258
7436 7510
7437 9990
7438 5306
7439 5659
7440 717
7441 2605
7442 4136
7443 4874
7444 2625
7445 3322
7446 9485
7447 966
7448 2023
7449 8609
7450 9792
7451 23
7452 8615
7453 2398
7454 8683
7455 6437
7456 1643
7457 9565
7458 1556
7459 953
7460 9062
7461 5646
7462 7725
7463 4037
7464 6974
7465 1650
7466 319
7467 5409
7468 9870
7469 3329
7470 505
7471 3989
7472 6024
7473 7734
7474 9687
7475 6437
7476 563
7477 826
7478 781
7479 7060
7480 9476
7481 2666
7482 9516
7483 6437
7484 7045
7485 4219
7486 8084
7487 7118
7488 5140
7489 1284
7490 4825
7491 9123
7492 2242
7493 8760
7494 4759
7495 972
7496 749
7497 1556
7498 4626
7499 2287
7500 5299
7501 5360
7502 8011
7503 4101
7504 6437
7505 5724
7506 6743
7507 282
7508 1999
7509 1556
7510 128
7511 9983
7512 7466
7513 4260
7514 9792
7515 5114
7516 1661
7517 6312
7518 4112
7519 251
7520 7231
7521 3659
7522 6268
7523 928
7524 8223
7525 3380
7526 1726
7527 935
7528 5442
7529 5646
7530 1556
7531 4981
7532 1335
7533 133
7534 9687
7535 1778
7536 2666
7537 6958
7538 8065
7539 8659
7540 682
7541 1512
7542 8623
7543 4416
7544 3997
7545 9776
7546 8641
7547 6161
7548 7019
7549 3056
7550 613
7551 4698
7552 5009
7553 4817
7554 3601
7555 4157
7556 505
7557 1677
7558 328
7559 5998
7560 7261
7561 5789
7562 1556
7563 2936
7564 9565
7565 4239
7566 8097
7567 8135
7568 1289
7569 7514
7570 90
7571 1130
7572 5396
7573 427
7574 505
7575 6596
7576 492
7577 776
7578 6184
7579 6039
7580 6283
7581 8007
7582 2907
7583 1028
7584 316
7585 9729
7586 726
7587 7552
7588 897
7589 8439
7590 414
7591 6437
7592 2754
7593 5488
7594 9234
7595 5408
7596 7122
7597 8548
7598 8468
7599 3385
7600 4094
7601 4897
7602 9356
7603 1343
7604 389
7605 7134
7606 4516
7607 1239
7608 7734
7609 1875
7610 8169
7611 5529
7612 4669
7613 9063
7614 3631
7615 8311
7616 604
7617 5245
7618 7458
7619 3805
7620 5490
7621 1999
7622 7552
7623 8931
7624 1556
7625 7263
7626 1898
7627 3176
7628 1775
7629 6437
7630 3659
7631 6395
7632 6272
7633 9891
7634 3590
7635 9986
7636 6437
7637 128
7638 3949
7639 8659
7640 9706
7641 3398
7642 1911
7643 4157
7644 7053
7645 5286
7646 6024
7647 8300
7648 5413
7649 5847
7650 61
7651 563
7652 8379
7653 8488
7654 6982
7655 2398
7656 2732
7657 3041
7658 9431
7658 9830
7659 7734
7660 2419
7661 5421
7662 1661
7663 1661
7664 682
7664 5915
7665 6289
7666 3804
7667 3010
7668 9640
7669 3498
7670 9750
7671 6805
7672 1398
7673 4260
7674 9260
7675 1556
7676 4
7677 4947
7678 8968
7678 6921
7679 1556
7680 8404
7681 9792
7682 133
7683 2732
7684 2545
7685 865
7686 5316
7687 6024
7688 3818
7689 1344
7690 120
7691 1622
7692 6975
7693 8548
7694 2021
7695 5919
7696 2423
7697 9792
7698 8015
7699 6437
7700 4431
7701 7734
7702 4722
7703 7458
7704 2196
7705 3099
7706 3613
7707 3561
7708 6588
7709 1568
7710 2895
7711 1556
7712 3710
7713 9439
7714 7140
7715 6437
7716 8377
7717 9771
7718 8519
7719 6922
7720 2504
7721 3710
7722 424
7723 5738
7724 1453
7725 3074
7726 4913
7726 8713
7727 6437
7728 2550
7729 8659
7730 8896
7731 5109
7732 5782
7733 4501
7734 5421
7735 1643
7736 1416
7737 7415
7738 8713
7739 1556
7740 5306
7741 6284
7742 2998
7743 8659
7744 5656
7745 6024
7746 1694
7747 3533
7748 6437
7749 9158
7750 6437
7751 6975
7752 7261
7753 777
7754 9065
7755 8481
7756 3894
7757 9687
7758 4807
7759 2605
7760 965
7761 8555
7762 6437
7763 6437
7764 5421
7765 9792
7766 2258
7767 2623
7768 3391
7769 3710
7770 603
7771 3041
7772 7678
7773 9702
7774 2303
7775 4242
7776 6161
7777 3533
7778 9414
7779 8659
7780 2417
7781 9400
7782 6437
7783 4341
7784 7263
7785 2342
7786 2652
7787 3078
7788 7686
7789 1556
7790 6220
7791 1239
7792 4889
7793 3935
7794 3796
7795 5396
7796 1556
7797 717
7798 8356
7799 1373
7800 6991
7801 231
7802 6212
7803 9822
7804 4612
7805 7312
7806 6828
7807 8935
7808 1386
7809 4332
7810 9980
7811 7497
7812 3802
7813 3631
7814 9687
7815 8662
7816 1656
7817 6400
7818 3851
7819 6982
7820 6823
7821 6437
7822 3789
7823 120
7824 9776
7825 6568
7826 4187
7827 8429
7828 9019
7829 6437
7830 1638
7831 2
7832 5396
7833 2666
7834 4157
7835 2407
7836 3710
7837 8141
7838 9652
7839 5032
7840 4612
7841 6061
7842 680
7843 3858
7844 1634
7845 8051
7846 7216
7847 5222
7848 7231
7849 5437
7850 1618
7851 1048
7852 8468
7853 6814
7854 6125
7855 2260
7856 5306
7857 8051
7858 8255
7859 4516
7860 972
7861 3851
7862 457
7863 2371
7864 1644
7865 2961
7866 2371
7867 781
7868 8935
7869 6436
7870 8051
7871 6550
7872 8468
7873 588
7874 6050
7875 9990
7876 9706
7877 3894
7878 3818
7879 6280
7880 8818
7881 8564
7882 7253
7883 3473
7884 2258
7885 5601
7886 8007
7887 5450
7888 3113
7889 8073
7890 4433
7891 5331
7892 9702
7893 3119
7894 6437
7895 589
7896 1600
7897 5708
7898 7393
7899 6403
7900 6437
7901 7053
7902 6289
7903 7799
7904 8896
7905 2599
7906 928
7907 2666
7908 1440
7909 6437
7910 7734
7911 3159
7911 9825
7912 2559
7913 7230
7914 2279
7915 7168
7916 3908
7917 1775
7918 1035
7919 7393
7920 5023
7921 551
7922 8548
7923 6437
7924 9026
7925 7501
7926 781
7927 3552
7928 6437
7929 5109
7930 3182
7931 2594
7932 3033
7933 319
7934 5193
7935 9323
7936 8772
7937 6796
7938 1556
7939 9484
7940 7839
7941 3710
7942 4076
7943 6992
7944 6774
7945 8659
7946 313
7947 1733
7948 1556
7949 7846
7950 9317
7951 4524
7952 7931
7953 3982
7954 2207
7955 8288
7956 5165
7957 1898
7958 5919
7959 381
7960 713
7961 8935
7962 9651
7963 1765
7964 1600
7965 2924
7966 3333
7967 5959
7968 5924
7969 3955
7970 1189
7971 8335
7972 6743
7973 1556
7974 295
7975 4606
7976 6791
7977 4654
7978 6039
7979 8995
7980 4341
7981 1112
7982 7799
7983 6437
7984 1183
7985 5535
7986 3052
7987 6024
7988 186
7989 9090
7990 3632
7991 128
7992 8121
7993 2605
7994 5823
7995 3653
7996 2258
7997 7263
7998 7734
7999 6364
8000 3056
8001 3908
8002 332
8003 9913
8004 9565
8005 5837
8006 781
8007 3150
8008 176
8009 5115
8010 553
8011 4524
8012 4416
8013 6596
8014 1605
8015 917
8016 5863
8017 1236
8018 1556
8019 616
8020 5084
8021 8902
8022 2841
8023 9706
8024 7552
8025 4629
8026 9735
8027 7175
8028 2936
8029 9176
8030 957
8031 2316
8032 897
8033 381
8034 8311
8035 3322
8036 5640
8037 6039
8038 8456
8039 7667
8040 4086
8041 965
8042 3858
8043 3692
8044 6437
8045 1656
8046 9501
8047 2199
8048 9720
8049 6888
8050 6228
8051 4069
8052 3194
8053 8935
8054 1875
8055 7140
8056 2306
8057 7572
8058 3710
8059 6437
8060 1453
8061 8803
8062 7572
8063 1586
8064 7968
8065 61
8066 8760
8067 7799
8068 8934
8069 6437
8070 2961
8071 3858
8072 4870
8073 1556
8074 2054
8075 1600
8076 3286
8077 1915
8078 1556
8079 3710
8080 9993
8081 4542
8082 6024
8083 9062
8084 8661
8085 5529
8086 7734
8087 4864
8088 8927
8089 467
8090 4654
8091 5396
8092 5686
8093 8732
8094 1556
8095 4650
8096 7096
8097 7566
8098 5725
8099 8677
8100 1445
8101 6179
8102 5919
8103 3292
8104 5396
8105 1600
8106 716
8107 3613
8108 6962
8109 2666
8110 7216
8111 1450
8112 1048
8113 4203
8114 1661
8115 3143
8116 3041
8117 1661
8118 4031
8119 8590
8120 1003
8121 9909
8122 1025
8123 6437
8124 6437
8125 3854
8126 6024
8127 9688
8128 6154
8129 588
8130 7415
8131 3869
8132 4471
8133 3440
8134 5646
8135 467
8136 8378
8137 953
8138 9648
8139 6143
8140 788
8141 7837
8142 7626
8143 6024
8144 9492
8145 9648
8146 6024
8147 1480
8148 5291
8149 3075
8150 5092
8151 928
8152 8590
8153 9104
8154 177
8155 9398
8156 3878
8157 6437
8158 1733
8159 1556
8160 1556
8161 5396
8162 3369
8163 9471
8164 866
8165 1373
8166 8462
8167 1600
8168 9419
8169 2959
8170 9691
8171 9495
8172 4007
8173 8326
8174 2398
8175 5165
8176 5966
8177 340
8177 4354
8178 25
8179 6842
8180 2258
8181 2413
8182 4127
8183 3058
8184 8429
8185 3710
8186 1556
8187 8784
8188 1600
8189 5973
8190 6228
8191 319
8192 3470
8193 5823
8194 5709
8195 3710
8196 2451
8197 604
8198 4996
8199 1373
8200 2017
8201 1237
8202 7570
8203 3589
8204 3333
8205 5538
8206 2124
8207 553
8208 3041
8209 3342
8210 3377
8211 2545
8212 7216
8213 706
8214 3014
8215 4663
8216 8172
8217 1556
8218 1556
8219 6278
8220 959
8221 9908
8222 1600
8223 7524
8224 3601
8225 1652
8226 3041
8227 1556
8228 133
8229 1235
8230 2207
8231 1035
8232 1137
8233 9776
8234 8468
8235 2572
8236 8738
8237 5788
8238 2124
8239 1971
8240 2207
8241 1756
8242 7117
8243 5023
8244 4606
8245 928
8246 5751
8247 2526
8248 7839
8249 6770
8250 6586
8251 602
8252 9737
8253 5336
8254 4864
8255 5522
8256 1459
8257 6228
8258 4291
8259 2924
8260 1600
8261 5660
8262 1344
8263 6982
8264 4217
8265 2655
8266 5264
8267 1600
8268 866
8269 9620
8270 1765
8271 1167
8272 6228
8273 7192
8274 4999
8275 4855
8276 9694
8277 9702
8278 7263
8279 3894
8280 1399
8281 866
8282 6915
8283 2620
8284 8247
8285 5018
8286 1490
8287 1635
8288 5753
8289 3286
8290 6003
8291 2037
8292 6310
8293 316
8294 4341
8295 7572
8296 2605
8297 6228
8298 2754
8299 6024
8300 4341
8301 8300
8302 3894
8303 5659
8304 8621
8305 8178
8306 1112
8307 6805
8308 5115
8309 3657
8310 7075
8311 6842
8312 2760
8313 3485
8314 3322
8315 2398
8316 8641
8317 9104
8318 5514
8319 1661
8320 965
8321 2068
8322 5396
8323 2258
8324 6511
8325 1283
8326 6437
8327 4378
8328 1439
8329 5908
8330 3809
8331 5333
8332 69
8333 4759
8334 6437
8335 3878
8336 1816
8337 2316
8338 7030
8339 865
8340 1335
8341 1875
8342 1710
8343 1398
8344 6842
8345 2545
8346 3119
8347 6445
8348 3894
8349 5396
8350 4187
8351 69
8352 1288
8353 6698
8354 1480
8355 4037
8356 1211
8357 69
8358 4870
8359 4965
8360 9807
8361 4629
8362 998
8363 4260
8364 5863
8365 7771
8366 7666
8367 4203
8368 505
8369 9041
8370 8396
8371 6842
8372 3864
8373 3115
8374 7839
8375 467
8376 3248
8377 8818
8378 1556
8379 3754
8380 1239
8381 2371
8382 5646
8383 2342
8384 5396
8385 5974
8386 2666
8387 649
8388 953
8389 3970
8390 1495
8391 4686
8392 4201
8393 8468
8394 6437
8395 1911
8396 7230
8397 4493
8398 7727
8399 6437
8400 781
8401 6642
8402 7510
8403 5336
8404 7680
8405 8904
8406 7982
8407 6289
8408 6770
8409 5165
8410 6842
8411 2599
8412 2258
8413 7886
8414 3710
8415 6293
8416 3558
8417 4861
8418 6283
8419 6437
8420 3666
8421 9755
8422 7734
8423 5563
8424 492
8425 6228
8426 6220
8427 570
8428 4516
8429 9574
8430 1556
8431 5396
8432 6437
8433 5396
8434 8151
8435 6588
8436 8379
8437 2841
8438 2591
8439 6586
8440 9088
8441 8007
8442 4516
8443 9381
8444 1661
8445 3143
8446 3318
8447 897
8448 7572
8449 2398
8450 8755
8451 6289
8452 2841
8453 9802
8454 6596
8455 8351
8456 7602
8457 8891
8458 8597
8459 7859
8460 9321
8461 2879
8462 1450
8463 7446
8464 9688
8465 424
8466 6024
8467 2916
8468 3864
8469 1922
8470 3275
8471 1453
8472 717
8473 7140
8474 4981
8475 4607
8476 2398
8477 2207
8478 1501
8479 2023
8480 6125
8481 6445
8482 3818
8483 8609
8484 2233
8485 966
8486 3812
8487 965
8488 2605
8489 7709
8490 5593
8491 9687
8492 6437
8493 5593
8494 6283
8495 3362
8496 8349
8497 842
8498 4309
8499 4203
8500 5409
8501 5863
8502 1556
8503 6199
8504 505
8505 2603
8506 2511
8507 5165
8508 4924
8509 3910
8510 4091
8511 1661
8512 1556
8513 3258
8514 7359
8515 3009
8516 6811
8517 5396
8518 9640
8519 5701
8520 2924
8521 8995
8522 1556
8523 4037
8524 4007
8525 9751
8526 6039
8527 156
8528 1288
8529 5514
8530 3795
8531 2939
8532 6596
8533 133
8534 9044
8535 231
8536 2407
8537 492
8538 8065
8539 3041
8540 8120
8541 2398
8542 6228
8543 9419
8544 8051
8545 1600
8546 8304
8547 2242
8548 3018
8549 4086
8550 4999
8551 8456
8552 1556
8553 8656
8554 9750
8555 3108
8556 2989
8557 9163
8558 6289
8559 1181
8560 2419
8561 133
8562 8468
8563 7572
8564 9346
8565 3072
8566 3041
8567 8082
8568 7716
8569 4818
8570 1600
8571 7482
8572 2419
8573 1373
8574 3077
8575 6646
8576 2542
8577 3315
8578 9060
8579 1560
8580 5646
8581 505
8582 6437
8583 8255
8584 1094
8585 2545
8586 3858
8587 2097
8588 3075
8589 1266
8590 5396
8591 3706
8592 602
8593 2924
8594 938
8595 505
8596 4260
8597 5514
8598 4341
8599 4048
8600 9575
8601 1556
8602 2666
8603 4341
8604 2463
8605 6596
8606 2635
8607 4786
8608 9870
8609 4269
8610 6024
8611 2347
8612 6437
8613 720
8614 2371
8615 6102
8616 2526
8617 4416
8618 1622
8619 9706
8620 8172
8621 8304
8622 5409
8623 7542
8624 2017
8625 5646
8626 280
8627 2371
8628 8289
8629 7023
8630 2398
8631 3894
8632 1726
8633 3498
8634 1398
8635 2258
8636 1887
8637 5762
8638 2666
8639 6228
8640 7734
8641 4820
8642 6437
8643 8528
8644 1495
8645 6975
8646 6289
8647 9422
8648 107
8649 2605
8650 1600
8651 781
8652 6024
8653 3710
8654 3804
8655 5857
8656 9439
8657 8659
8658 9663
8659 8672
8660 3854
8661 9980
8662 4864
8663 1726
8664 6437
8665 3510
8666 4607
8667 1556
8668 8680
8669 6437
8670 3284
8671 4660
8672 8659
8673 3084
8674 7734
8675 2563
8676 4542
8677 8099
8678 3010
8679 1650
8680 6190
8681 5421
8682 5216
8683 423
8684 9728
8685 1057
8686 6596
8687 3851
8688 6024
8689 2371
8690 7621
8691 5782
8692 9894
8693 4625
8694 6437
8695 4501
8696 319
8697 3203
8698 6024
8699 7387
8700 215
8701 4924
8702 953
8703 1908
8704 5396
8705 6297
8706 1556
8707 2229
8708 5932
8709 9516
8710 2605
8711 8201
8712 4361
8713 4913
8714 7667
8715 9104
8716 1946
8717 9648
8718 5789
8719 6432
8720 7590
8721 6437
8722 708
8723 8121
8724 1600
8725 1556
8726 7734
8727 2666
8728 839
8729 2620
8730 5646
8731 1804
8732 8093
8733 640
8734 4099
8735 5696
8736 8659
8737 3003
8738 467
8739 2605
8740 491
8741 1462
8742 5221
8743 7015
8744 4289
8745 6437
8746 4037
8747 3137
8748 1733
8749 1622
8750 1804
8751 4118
8752 9926
8753 9986
8754 2652
8755 6825
8756 6437
8757 9062
8758 2307
8759 5396
8760 920
8761 5299
8762 8616
8763 8989
8764 5421
8765 9690
8766 5593
8767 3079
8768 7552
8769 424
8770 2636
8771 967
8772 4800
8773 1474
8774 5383
8775 3056
8776 1176
8777 6255
8778 7393
8779 9792
8780 5600
8781 4150
8782 6588
8783 6024
8784 8187
8785 4493
8786 8377
8787 9517
8788 2398
8789 3075
8790 781
8791 3398
8792 3231
8793 3892
8794 2362
8795 2088
8796 4289
8797 8553
8798 1556
8799 9776
8800 4493
8801 6437
8802 6318
8803 7667
8804 1600
8805 7734
8806 866
8807 4800
8808 4924
8809 6437
8810 6596
8811 2946
8812 8468
8813 8891
8814 2542
8815 7889
8816 3894
8817 3259
8818 8377
8819 8509
8820 1556
8821 8329
8822 128
8823 9648
8824 505
8825 6445
8826 1578
8827 427
8828 2407
8829 5293
8830 4889
8831 2762
8832 6177
8833 8881
8834 7966
8835 45
8836 8319
8837 802
8838 3398
8839 467
8840 7383
8841 5396
8842 9063
8843 5614
8844 1453
8845 7393
8846 8874
8847 1948
8848 9215
8849 781
8850 9168
8851 985
8852 2669
8853 6024
8854 8015
8855 9136
8856 5336
8857 9691
8858 9776
8859 2682
8860 9813
8861 5650
8862 1235
8863 708
8864 7871
8865 2661
8866 6228
8867 8819
8868 6437
8869 9706
8870 5114
8871 1556
8872 5932
8873 604
8874 1522
8875 1453
8876 6437
8877 7552
8878 3099
8879 6781
8880 5268
8881 2924
8882 1556
8883 4654
8884 5396
8885 6312
8886 953
8887 3892
8888 6175
8889 467
8890 2989
8891 6228
8892 1141
8893 8379
8894 9138
8895 3858
8896 7730
8897 6646
8898 3851
8899 2792
8900 6437
8901 3632
8902 8021
8903 6434
8904 8405
8905 866
8906 4931
8907 3851
8908 6220
8909 5276
8910 8659
8911 6687
8912 8292
8913 3795
8914 1174
8915 3656
8916 111
8917 8505
8918 8468
8919 9422
8920 316
8921 9325
8922 3707
8923 6024
8924 1556
8925 2924
8926 69
8927 1187
8928 7626
8929 2666
8930 588
8931 7623
8932 8329
8933 8659
8934 3557
8935 4864
8936 6991
8937 5721
8938 4542
8939 2318
8940 316
8941 4981
8942 1556
8943 3056
8944 5396
8945 2398
8946 3589
8947 5396
8948 7882
8949 8940
8950 8313
8951 9702
8952 3398
8953 5966
8954 4115
8955 8065
8956 6811
8957 3430
8958 8209
8959 1589
8960 8255
8961 3150
8962 8209
8963 2398
8964 3858
8965 9292
8966 4759
8967 505
8968 6921
8969 6437
8970 2017
8971 8472
8972 9321
8973 3892
8974 7847
8975 6596
8976 6770
8977 505
8978 6596
8979 86
8980 9103
8981 2545
8982 5959
8983 9425
8984 7230
8985 4629
8986 6586
8987 4807
8988 5514
8989 8763
8990 7458
8991 6596
8992 2605
8993 2222
8994 6588
8995 6436
8996 2943
8997 9356
8998 6437
8999 4971
9000 6437
9001 4501
9002 3894
9003 2398
9004 5165
9005 6437
9006 1600
9007 5632
9008 3293
9009 5724
9010 7626
9011 1556
9012 2412
9013 6852
9014 3594
9015 5514
9016 1035
9017 7552
9018 5522
9019 6683
9020 2924
9021 2258
9022 7961
9023 1556
9024 6125
9025 9471
9026 6234
9027 9982
9028 3021
9029 1656
9030 7572
9031 9291
9032 959
9033 3423
9034 9701
9035 9539
9036 8379
9037 1211
9038 6991
9039 5114
9040 7871
9041 5367
9042 1398
9043 2924
9044 3397
9045 6228
9046 3398
9047 6687
9048 1619
9049 5335
9050 4602
9051 4996
9052 424
9053 805
9054 5646
9055 5396
9056 3858
9057 1501
9058 6001
9059 9471
9060 8578
9061 3494
9062 3854
9063 9627
9064 8468
9065 6553
9066 3398
9067 128
9068 5851
9069 9144
9070 4847
9071 8986
9072 7094
9073 3194
9074 5724
9075 3994
9076 4868
9077 7727
9078 9870
9079 9501
9080 8468
9081 7263
9082 1915
9083 8468
9084 7566
9085 2269
9086 7890
9087 7140
9088 9776
9089 8704
9090 7989
9091 6353
9092 2017
9093 6398
9094 7940
9095 1971
9096 5396
9097 1875
9098 9706
9099 6007
9100 3754
9101 5396
9102 3809
9103 1522
9104 6437
9105 1373
9106 4606
9107 5959
9108 1600
9109 424
9110 1616
9111 3658
9112 6437
9113 2199
9114 6437
9115 1763
9116 2542
9117 5646
9118 6437
9119 3561
9120 9792
9121 6190
9122 3057
9123 9807
9124 9419
9125 9292
9126 9877
9127 2989
9128 6003
9129 3991
9130 9986
9131 2670
9132 2989
9133 7899
9134 6410
9135 4515
9136 8855
9137 8084
9138 8894
9139 928
9140 817
9141 4341
9142 2371
9143 4606
9144 424
9145 4606
9146 9925
9147 720
9148 1474
9149 1239
9150 1163
9151 4209
9152 8231
9153 8084
9154 584
9155 3385
9156 6021
9157 6437
9158 789
9159 7401
9160 6598
9161 386
9162 3075
9163 316
9164 2792
9165 5966
9166 866
9167 6024
9168 1266
9169 128
9170 1265
9171 6437
9172 4269
9173 5724
9174 424
9175 3976
9176 7415
9177 9767
9178 8746
9179 4127
9180 6437
9181 9688
9182 2371
9183 8740
9184 3230
9185 1025
9186 2423
9187 1661
9188 3773
9189 1600
9190 3056
9191 6437
9192 5857
9193 3925
9194 408
9195 6958
9196 7871
9197 5015
9198 5109
9199 8141
9200 3858
9201 4291
9202 8300
9203 9776
9204 4500
9205 2911
9206 3658
9207 4341
9208 2418
9209 4837
9210 5708
9211 7074
9212 1501
9213 7821
9214 2371
9215 8848
9216 3557
9217 6437
9218 6437
9219 5794
9220 7824
9221 7734
9222 6053
9223 5646
9224 9813
9225 7824
9226 6228
9227 9990
9228 8065
9229 9422
9230 1600
9231 4931
9232 1556
9233 781
9234 1556
9235 5396
9236 7799
9237 3395
9238 424
9239 3589
9240 4239
9241 7552
9242 319
9243 5396
9244 3892
9245 8912
9246 5383
9247 1501
9248 6437
9249 6245
9250 1453
9251 4976
9252 8300
9253 584
9254 866
9255 9992
9256 8410
9257 1962
9258 3991
9259 9792
9260 2213
9261 6922
9262 7734
9263 2646
9264 4361
9265 9317
9266 6437
9267 555
9268 8456
9269 6039
9270 5900
9271 2108
9272 3065
9273 4378
9274 3858
9275 3858
9276 928
9277 5514
9278 6437
9279 1763
9280 6770
9281 4007
9282 5396
9283 6991
9284 2258
9285 6024
9286 391
9287 3056
9288 4762
9289 4931
9290 7566
9291 9471
9292 8965
9293 781
9294 2258
9295 7368
9296 6364
9297 6437
9298 160
9299 9688
9300 8548
9301 8168
9302 9685
9303 1859
9304 3589
9305 6617
9306 9878
9307 6454
9308 1556
9309 9870
9310 2023
9311 408
9312 7970
9313 3311
9314 7231
9315 1556
9316 1556
9317 3957
9318 3003
9319 4341
9320 720
9321 5483
9322 8481
9323 5646
9324 1556
9325 8162
9326 4626
9327 5436
9328 1600
9329 3194
9330 1556
9331 6437
9332 9792
9333 1857
9334 2784
9335 69
9336 2036
9337 7145
9338 5646
9339 9288
9340 6805
9341 6648
9342 6437
9343 5396
9344 2127
9345 1635
9346 1217
9347 5421
9348 6437
9349 9436
9350 6437
9351 9807
9352 7546
9353 4341
9354 386
9355 3973
9356 723
9357 5115
9358 965
9359 8859
9360 965
9361 4669
9362 4626
9363 2287
9364 6890
9365 6648
9366 467
9367 1661
9368 8806
9369 1373
9370 5115
9371 1929
9372 4579
9373 5165
9374 5532
9375 9501
9376 1661
9377 857
9378 9565
9379 4269
9380 866
9381 5111
9382 4416
9383 3310
9384 6720
9385 1661
9386 7504
9387 177
9388 2504
9389 4815
9390 402
9391 7709
9392 781
9393 1816
9394 5818
9395 1490
9396 8927
9397 7134
9398 7871
9399 6039
9400 7781
9401 4736
9402 3009
9403 3398
9404 4538
9405 5044
9406 5396
9407 7878
9408 765
9409 341
9410 3908
9411 2545
9412 5535
9413 1661
9414 7778
9415 6024
9416 2398
9417 4769
9418 6550
9419 2258
9420 1726
9421 1999
9422 133
9423 7432
9424 319
9425 8983
9426 1556
9427 6437
9428 6437
9429 1495
9430 7432
9431 9830
9432 9909
9433 1087
9434 467
9435 6085
9436 2302
9437 5396
9438 5038
9439 151
9440 6024
9441 9185
9442 5396
9443 8659
9444 965
9445 3185
9446 7237
9447 4101
9448 8462
9449 1661
9450 2749
9451 330
9452 6544
9453 6283
9454 2118
9455 2210
9456 4360
9457 6405
9458 8065
9459 5724
9460 7799
9461 505
9462 2791
9463 1506
9464 6437
9465 3322
9466 9702
9467 9317
9468 2835
9469 1991
9470 2907
9471 2147
9472 4114
9473 176
9474 749
9475 428
9476 4864
9477 912
9478 9891
9479 1124
9480 2666
9481 2545
9482 3333
9483 3311
9484 2762
9485 8065
9486 4531
9487 177
9488 4361
9489 6870
9490 9687
9491 6024
9492 7233
9493 4101
9494 8007
9495 4582
9496 1141
9497 63
9498 2666
9499 2762
9500 1556
9501 3286
9502 5532
9503 7734
9504 9845
9505 5724
9506 8659
9507 3041
9508 8552
9509 7233
9510 2021
9511 467
9512 5707
9513 9158
9514 6811
9515 1398
9516 1560
9517 7086
9518 866
9519 5165
9520 7209
9521 1704
9522 781
9523 1915
9524 3353
9525 1799
9526 1433
9527 3372
9528 1568
9529 6586
9530 3000
9531 965
9532 107
9533 8120
9534 2545
9535 6648
9536 5696
9537 9163
9538 8680
9539 7233
9540 3443
9541 7118
9542 8488
9543 4571
9544 3231
9545 4889
9546 319
9547 505
9548 4607
9549 6437
9550 6289
9551 6379
9552 2605
9553 5396
9554 2258
9555 1600
9556 7167
9557 1694
9558 9891
9559 3021
9560 4203
9561 2545
9562 8253
9563 6982
9564 2260
9565 1600
9566 9565
9567 2097
9568 2398
9569 1600
9570 1335
9571 9792
9572 5614
9573 2541
9574 5498
9575 7096
9576 6825
9577 2605
9578 1875
9579 2924
9580 505
9581 1453
9582 1600
9583 1911
9584 449
9585 3398
9586 1176
9587 5932
9588 2605
9589 1600
9590 5021
9591 1927
9592 8472
9593 6710
9594 6297
9595 7192
9596 720
9597 632
9598 9916
9599 1035
9600 8806
9601 400
9602 6024
9603 1174
9604 9600
9605 3659
9606 9792
9607 6437
9608 6024
9609 1716
9610 6437
9611 9026
9612 1313
9613 9941
9614 5863
9615 5863
9616 8548
9617 7871
9618 4361
9619 1174
9620 8269
9621 9807
9622 203
9623 7824
9624 688
9625 5035
9626 3470
9627 9063
9628 9978
9629 5831
9630 6437
9631 8592
9632 1247
9633 2210
9634 917
9635 2666
9636 4682
9637 4679
9638 4101
9639 7505
9640 6437
9641 5724
9642 4523
9643 89
9644 7878
9645 3442
9646 3869
9647 6255
9648 1988
9649 9720
9650 1556
9651 6437
9652 7838
9653 4889
9654 4341
9655 7836
9656 6437
9657 9767
9658 7857
9659 244
9660 7051
9661 3041
9662 6437
9663 9517
9664 5532
9665 1048
9666 1373
9667 2948
9668 3854
9669 6437
9670 7667
9671 8597
9672 1097
9673 2258
9674 333
9675 2545
9676 492
9677 953
9678 6962
9679 1600
9680 7696
9681 85
9682 3561
9683 7782
9684 4542
9685 9302
9686 8899
9687 505
9688 124
9689 1181
9690 8765
9691 5600
9692 5306
9693 938
9694 2398
9695 4361
9696 1556
9697 6725
9698 3851
9699 5396
9700 7824
9701 6243
9702 4761
9703 1556
9704 1775
9705 1130
9706 140
9707 3302
9708 5329
9709 4812
9710 2732
9711 5396
9712 9584
9713 2398
9714 6024
9715 8472
9716 3710
9717 1547
9718 1600
9719 7552
9720 1556
9721 2258
9722 6801
9723 505
9724 7014
9725 6437
9726 6468
9727 6024
9728 8684
9729 6437
9730 7261
9731 1187
9732 8488
9733 7734
9734 3000
9735 5863
9736 4101
9737 8252
9738 3851
9739 5082
9740 6437
9741 1556
9742 3631
9743 4606
9744 6437
9745 6883
9746 5286
9747 5421
9748 2225
9749 5787
9750 4571
9751 6635
9752 4035
9753 5245
9754 2398
9755 8421
9756 1726
9757 5863
9758 2224
9759 128
9760 6318
9761 5823
9762 3398
9763 644
9764 6024
9765 6437
9766 1991
9767 902
9768 8597
9769 6437
9770 2351
9771 7717
9772 3951
9773 2371
9774 9861
9775 7140
9776 4336
9777 5738
9778 4516
9779 5396
9780 3056
9781 4341
9782 1556
9783 6024
9784 386
9785 1392
9786 9439
9787 4157
9788 9776
9789 6437
9790 4634
9791 1821
9792 6024
9793 7576
9794 632
9794 9597
9795 7734
9796 5336
9797 2507
9798 6437
9799 959
9800 259
9801 7848
9802 8453
9803 3302
9804 5998
9805 2545
9806 7609
9807 9123
9808 4977
9809 6582
9810 6743
9811 6069
9812 2784
9813 4974
9814 3049
9815 2210
9816 4417
9817 6437
9818 2666
9819 7882
9820 4361
9821 8410
9822 1516
9823 928
9824 2233
9825 3159
9826 6646
9827 866
9828 6161
9829 4817
9830 9431
9831 510
9832 6499
9833 829
9834 9687
9835 1854
9836 5155
9837 3377
9838 8623
9839 1235
9840 5529
9841 1556
9842 4824
9843 424
9844 5809
9845 7458
9846 7966
9847 1661
9848 7415
9849 3041
9850 8042
9851 797
9852 9104
9853 1556
9854 7734
9855 4316
9856 5919
9857 3119
9858 8468
9859 69
9860 5165
9861 4705
9862 9870
9863 200
9864 8453
9865 4629
9866 7824
9867 5790
9868 6437
9869 128
9870 186
9871 5316
9872 5264
9873 1024
9874 6972
9875 5418
9876 3594
9877 9126
9878 4947
9879 9702
9880 3167
9881 9870
9882 1795
9883 5396
9884 6944
9885 4654
9886 6315
9887 4889
9888 6791
9889 4289
9890 6437
9891 9422
9892 8659
9893 5597
9894 8692
9895 4417
9896 316
9897 5601
9898 4361
9899 3385
9900 1600
9901 505
9902 4638
9903 9321
9904 5900
9905 7263
9906 1556
9907 5563
9908 1835
9909 5396
9910 2533
9911 4114
9912 781
9913 7734
9914 9255
9915 4690
9916 6024
9917 6126
9918 1308
9919 8874
9920 8065
9921 3333
9922 6801
9923 9476
9924 7878
9925 1335
9926 8335
9927 9061
9928 1724
9929 1113
9930 9702
9931 7709
9932 2989
9933 5396
9934 1603
9935 4820
9936 3673
9937 1643
9938 5311
9939 8596
9940 7140
9941 6867
9942 5165
9943 1733
9944 6952
9945 8065
9946 6066
9947 8253
9948 2989
9949 7192
9950 8661
9951 2792
9952 1036
9953 4889
9954 7799
9955 2666
9956 505
9957 1354
9958 5038
9959 4815
9960 5306
9961 6024
9962 4341
9963 1600
9964 6553
9965 2607
9966 3710
9967 6437
9968 291
9969 2661
9970 5015
9971 6003
9972 9257
9973 6289
9974 4568
9975 4180
9976 9687
9977 7981
9978 1113
9979 6437
9980 8084
9981 4820
9982 7089
9983 7511
9984 1239
9985 2661
9986 8753
9987 3372
9988 8659
9989 2036
9990 7437
9991 6437
9992 2666
9993 8080
9994 9277
9995 9807
9996 2371
9997 9277
9998 2398
9999 5396
