0 1356
1 2742
2 8634
3 6759
4 6814
5 2022
6 8728
7 6835
8 2922
9 5110
10 1517
11 3333
12 7634
13 7189
14 1767
15 8489
16 1201
17 350
18 8429
19 6428
20 8571
21 354
22 7373
23 1258
24 1094
25 4322
26 5151
27 6205
28 6139
29 3260
30 5930
31 8585
32 5268
33 5661
34 3953
35 8788
36 901
37 1576
38 7514
39 605
40 5684
41 3861
42 7585
43 3802
44 7127
45 3045
46 4480
47 4302
48 8581
49 65
50 8801
51 8493
52 7659
53 4807
54 7034
55 6435
56 3138
57 614
58 6085
59 3129
60 2441
61 4519
62 5905
63 684
64 1656
65 1010
66 3985
67 4434
68 2899
69 5878
70 364
71 630
72 1721
73 527
74 75
75 74
76 3833
77 9198
78 203
79 7920
80 7355
81 6533
82 6282
83 3682
84 1739
85 8115
86 1705
87 593
88 3717
89 6616
90 2108
91 2766
92 9114
93 4852
94 2560
95 111
96 1763
97 7969
98 3567
99 2910
100 3211
101 1037
102 2944
103 51
104 4460
105 4810
106 1306
107 2318
108 180
109 6208
110 8173
111 95
112 3070
113 4913
114 1588
115 6769
116 2707
117 5715
118 5271
119 6845
120 5635
121 7516
122 6045
123 2846
124 8935
125 4671
126 289
127 231
128 7335
129 2455
130 7096
131 7463
132 807
133 2738
134 7324
135 1372
136 836
137 9125
138 6789
139 4839
140 4931
141 6149
142 1738
143 415
144 572
145 3991
146 8017
147 8472
148 8767
149 301
150 5057
151 3338
152 4314
153 530
154 5927
155 3881
156 6838
157 8030
158 6790
159 757
160 6499
161 6926
162 634
163 193
164 3540
165 4930
166 4920
167 2820
168 3814
169 7713
170 310
171 9067
172 9261
173 7599
174 8412
175 2045
176 7715
177 3874
178 542
179 3705
180 8029
181 558
182 4185
183 5875
184 309
185 693
186 3259
187 1761
188 7330
189 6894
190 2975
191 6660
192 6164
193 7101
194 4554
195 4694
196 705
197 380
198 8163
199 749
200 9145
201 4086
202 62
203 78
204 8506
205 1704
206 3705
207 7406
208 8131
209 213
210 6959
211 360
212 8635
213 209
214 373
215 4418
216 1447
217 15
218 2944
219 4070
220 1042
221 1458
222 7658
223 2740
224 8025
225 1749
226 1232
227 6665
228 3971
229 7499
230 1474
231 624
232 5150
233 8359
234 4691
235 7732
236 5285
237 8814
238 5809
239 4105
240 2972
241 3581
242 2669
243 170
244 8129
245 7632
246 707
247 2672
248 7239
249 4483
250 2381
251 3951
252 4563
253 3003
254 1511
255 4541
256 3123
257 5361
258 7419
259 353
260 5728
261 2512
262 8472
263 6100
264 6415
265 5374
266 670
267 7157
268 293
269 2534
270 8839
271 6136
272 4206
273 8449
274 4608
275 6025
276 8606
277 7373
278 4659
279 4208
280 8355
281 4486
282 4552
283 2457
284 8756
285 6728
286 293
287 914
288 266
289 3014
290 8291
291 550
292 4980
293 268
294 758
295 840
296 6425
297 512
298 6791
299 3832
300 190
301 5123
302 7581
303 301
304 8939
305 8214
306 437
307 5587
308 683
309 184
310 170
311 4232
312 5218
313 7107
314 558
315 7524
316 1903
317 4780
318 6568
319 7609
320 6222
321 1798
322 1871
323 4688
324 3882
325 6427
326 7780
327 6588
328 2212
329 4578
330 8527
331 1190
332 3743
333 332
334 2932
335 764
336 470
337 2322
338 8212
339 4296
340 2048
341 3735
342 7897
343 3678
344 5006
345 6402
346 8629
347 3307
348 4862
349 5832
350 6200
351 5729
352 2576
353 259
354 8794
355 829
356 2372
357 3825
358 4256
359 6997
360 8900
361 2369
362 2827
363 2291
364 8830
365 7226
366 9118
367 1123
368 7928
369 8711
370 4370
371 164
372 7959
373 6739
374 6068
375 7844
376 2951
377 1613
378 8975
379 6793
380 197
381 5309
382 383
383 382
384 3016
385 8303
386 7165
387 3174
388 8460
389 7610
390 8746
391 5978
392 5630
393 8505
394 5775
395 3214
396 4375
397 3457
398 9068
399 2414
400 5987
401 8129
402 2157
403 5646
404 3957
405 902
406 1772
407 8301
408 4622
409 8255
410 1701
411 813
412 8226
413 825
414 5990
415 143
416 4402
417 2393
418 3559
419 6225
420 8302
421 5074
422 267
423 1379
424 8671
425 6484
426 2815
427 6664
428 5851
429 4519
430 3637
431 466
432 6965
433 8535
434 953
435 8330
436 7949
437 2918
438 7196
439 7186
440 4127
441 3118
442 3296
443 682
444 5381
445 9271
446 2721
447 3201
448 505
449 471
450 5275
451 1915
452 3253
453 7865
454 3030
455 2831
456 5698
457 4568
458 2173
459 6582
460 6954
461 6559
462 6617
463 5501
464 3030
465 6943
466 1484
467 1826
468 5852
469 5399
470 4741
471 3993
472 5816
473 5809
474 4721
475 4456
476 8253
477 8630
478 4973
479 7682
480 1707
481 1597
482 1764
483 4094
484 1866
485 5875
486 9142
487 4650
488 523
489 7183
490 6022
491 7790
492 6831
493 2023
494 729
495 8219
496 5538
497 7219
498 1873
499 5022
500 6863
501 3524
502 5581
503 7825
504 7560
505 448
506 6876
507 2832
508 5238
509 1651
510 3697
511 3452
512 297
513 4631
514 3501
515 7331
516 4884
517 854
518 2510
519 8496
520 5034
521 458
522 4781
523 488
524 7944
525 8013
526 3600
527 73
528 3089
529 699
530 2336
531 4942
532 5478
533 2195
534 2198
535 343
536 7583
537 5655
538 6573
539 556
540 947
541 3455
542 178
543 7969
544 8155
545 3492
546 5378
547 4958
548 7254
549 5621
550 4218
551 5552
552 1428
553 1012
554 6379
555 7622
556 5584
557 3556
558 8981
559 5552
560 8278
561 3739
562 1888
563 6896
564 6397
565 6579
566 4294
567 2990
568 3094
569 7108
570 7000
571 7025
572 4285
573 9079
574 2210
575 9150
576 4616
577 2081
578 4271
579 7389
580 7628
581 1615
582 5039
583 8596
584 4758
585 8493
586 5229
587 62
588 8738
589 8817
590 6690
591 6179
592 170
593 87
594 6629
595 1835
596 5440
597 7102
598 4617
599 7741
600 5776
601 4159
602 619
603 5510
604 5853
605 8667
606 5966
607 3694
608 9066
609 2065
610 5552
611 5723
612 6601
613 1475
614 3602
615 7007
616 3097
617 3912
618 231
619 8158
620 2250
621 7835
622 5585
623 3299
624 231
625 6284
626 2247
627 5218
628 2784
629 777
630 1945
631 7311
632 5071
633 5962
634 2844
635 760
636 6711
637 1031
638 4455
639 624
640 4835
641 6538
642 3980
643 8533
644 6086
645 7037
646 1040
647 4844
648 8725
649 8915
650 806
651 888
652 3487
653 5586
654 2632
655 182
656 3835
657 885
658 7887
659 6556
660 659
661 2851
662 663
663 7680
664 9058
665 5753
666 676
667 684
668 6502
669 4197
670 266
671 5956
672 8130
673 811
674 2348
675 4087
676 8023
677 8854
678 2808
679 6695
680 4351
681 5163
682 7721
683 788
684 63
685 2809
686 689
687 3594
688 6136
689 686
690 3916
691 1280
692 1435
693 7226
694 2952
695 4498
696 2441
697 7021
698 701
699 1362
700 7119
701 4982
702 1276
703 5550
704 5863
705 196
706 1861
707 4050
708 2264
709 2909
710 3327
711 2971
712 8493
713 1652
714 7220
715 3759
716 4083
717 4007
718 8878
719 1494
720 1949
721 7862
722 7623
723 7659
724 5776
725 550
726 1459
727 3397
728 6372
729 494
730 8846
731 3994
732 3087
733 892
734 9283
735 4618
736 737
737 1746
738 309
739 5400
740 4616
741 6136
742 4370
743 8742
744 3386
745 5014
746 6025
747 1739
748 8130
749 630
750 5248
751 1634
752 5530
753 2413
754 3391
755 6519
756 932
757 3970
758 1959
759 7700
760 635
761 3179
762 7368
763 2525
764 335
765 2155
766 1626
767 4929
768 2195
769 3922
770 5579
771 2507
772 6866
773 1814
774 8864
775 1729
776 200
777 2740
778 4751
779 1844
780 6581
781 6692
782 764
783 9075
784 5354
785 1019
786 1393
787 8321
788 683
789 1788
790 2587
791 8168
792 3106
793 272
794 5127
795 2521
796 9282
797 3077
798 5774
799 887
800 5504
801 1415
802 8134
803 9031
804 1692
805 2966
806 650
807 1645
808 7605
809 1741
810 2348
811 2322
812 6575
813 5190
814 8235
815 2357
816 3601
817 6487
818 8975
819 6067
820 6642
821 6165
822 310
823 5818
824 1769
825 8450
826 3704
827 6085
828 7827
829 6849
830 1301
831 8863
832 8163
833 3229
834 4203
835 8355
836 136
837 878
838 3813
839 4209
840 1398
841 1904
842 6879
843 8184
844 8184
845 414
846 3226
847 8177
848 853
849 7956
850 5761
851 1993
852 8214
853 4257
854 517
855 4156
856 8887
857 2189
858 8948
859 5489
860 3966
861 986
862 1387
863 2321
864 3977
865 6842
866 6022
867 6844
868 2762
869 6275
870 8246
871 3216
872 8891
873 269
874 6909
875 6936
876 5512
877 8088
878 7317
879 8734
880 6068
881 2489
882 4336
883 7084
884 6088
885 657
886 6206
887 799
888 4825
889 1933
890 4684
891 4127
892 7199
893 3979
894 2246
895 6012
896 5098
897 4511
898 6858
899 8774
900 5428
901 36
902 405
903 1515
904 7168
905 772
906 7954
907 5832
908 1198
909 5092
910 3458
911 6657
912 4440
913 4412
914 6958
915 4253
916 5886
917 4903
918 1073
919 1511
920 7255
921 2460
922 6128
923 3958
924 2965
925 9198
926 8912
927 1886
928 7687
929 5105
930 520
931 1396
932 8174
933 4652
934 3833
935 8235
936 5251
937 1951
938 2948
939 8969
940 7646
941 7127
942 4111
943 8351
944 2306
945 702
946 4385
947 6583
948 2083
949 5580
950 8969
951 5984
952 6939
953 6389
954 7731
955 4864
956 3494
957 6301
958 9276
959 632
960 143
961 5515
962 8102
963 5745
964 2873
965 1279
966 3257
967 6501
968 6151
969 1150
970 5268
971 1176
972 5725
973 746
974 6876
975 964
976 2198
977 8339
978 5708
979 7010
980 8576
981 7327
982 8937
983 1265
984 6200
985 7999
986 861
987 7299
988 5069
989 6772
990 8307
991 4968
992 3135
993 9112
994 1796
995 3429
996 8380
997 5917
998 8910
999 3662
1000 9083
1001 4440
1002 8250
1003 9098
1004 7875
1005 2800
1006 2626
1007 7832
1008 4091
1009 7132
1010 65
1011 2618
1012 553
1013 1456
1014 4868
1015 4433
1016 1993
1017 1733
1018 1025
1019 785
1020 3800
1021 639
1022 8860
1023 2181
1024 6046
1025 87
1026 7046
1027 8431
1028 3907
1029 2942
1030 3473
1031 8391
1032 8361
1033 1276
1034 1668
1035 4615
1036 7197
1037 3749
1038 6040
1039 8531
1040 6837
1041 8088
1042 5311
1043 1728
1044 3116
1045 7582
1046 1282
1047 8900
1048 1576
1049 1831
1050 8740
1051 1189
1052 8958
1053 7390
1054 5371
1055 5206
1056 1247
1057 8789
1058 7622
1059 4862
1060 2511
1061 7037
1062 9149
1063 4519
1064 5372
1065 5759
1066 4587
1067 5290
1068 7251
1069 7724
1070 8643
1071 4740
1072 3564
1073 918
1074 5536
1075 2220
1076 8657
1077 4566
1078 4940
1079 4107
1080 8996
1081 6196
1082 1086
1083 4009
1084 6679
1085 3230
1086 1082
1087 4568
1088 1747
1089 1090
1090 7522
1091 1826
1092 5069
1093 8762
1094 4489
1095 2642
1096 6038
1097 7649
1098 410
1099 5987
1100 8888
1101 1614
1102 2002
1103 6097
1104 7335
1105 7851
1106 4650
1107 8170
1108 2412
1109 9006
1110 3105
1111 2235
1112 3848
1113 6597
1114 3014
1115 1918
1116 5963
1117 1924
1118 7132
1119 6495
1120 4999
1121 1586
1122 7079
1123 1690
1124 6501
1125 7785
1126 4411
1127 4291
1128 5366
1129 1130
1130 4928
1131 6299
1132 342
1133 6469
1134 45
1135 510
1136 7880
1137 8342
1138 1690
1139 4041
1140 313
1141 4283
1142 3560
1143 6469
1144 2373
1145 5968
1146 6357
1147 4428
1148 7778
1149 9132
1150 969
1151 2104
1152 4784
1153 2281
1154 225
1155 5915
1156 8667
1157 3491
1158 1511
1159 3713
1160 3490
1161 2708
1162 4968
1163 3743
1164 912
1165 930
1166 6656
1167 2332
1168 8255
1169 5644
1170 6389
1171 6292
1172 711
1173 5186
1174 7595
1175 9271
1176 971
1177 3026
1178 3302
1179 3148
1180 3363
1181 1329
1182 8187
1183 5420
1184 8908
1185 5116
1186 4561
1187 4128
1188 3248
1189 6484
1190 331
1191 6812
1192 6968
1193 1194
1194 1193
1195 6254
1196 4016
1197 5515
1198 3925
1199 7444
1200 2695
1201 5205
1202 8762
1203 3090
1204 7226
1205 1907
1206 9292
1207 5771
1208 5065
1209 5341
1210 6348
1211 8804
1212 4597
1213 2163
1214 7681
1215 2768
1216 5421
1217 5547
1218 6658
1219 1571
1220 4079
1221 5131
1222 5513
1223 8741
1224 8076
1225 148
1226 6047
1227 7285
1228 6757
1229 2996
1230 2761
1231 1941
1232 2079
1233 777
1234 8043
1235 3908
1236 7586
1237 3072
1238 6486
1239 4379
1240 6539
1241 5446
1242 3894
1243 3862
1244 5376
1245 7959
1246 6277
1247 8051
1248 231
1249 8749
1250 8618
1251 7660
1252 4394
1253 364
1254 1479
1255 8855
1256 7087
1257 2111
1258 23
1259 6779
1260 7793
1261 8162
1262 9004
1263 974
1264 6257
1265 983
1266 1271
1267 8928
1268 1934
1269 687
1270 1934
1271 1266
1272 5462
1273 3874
1274 8134
1275 9073
1276 3069
1277 8762
1278 5128
1279 7077
1280 5382
1281 2393
1282 964
1283 2777
1284 1945
1285 3720
1286 8614
1287 3721
1288 6982
1289 1679
1290 3334
1291 1505
1292 8320
1293 8373
1294 4405
1295 4387
1296 8941
1297 8840
1298 6824
1299 3595
1300 1956
1301 2739
1302 2688
1303 6946
1304 3018
1305 8704
1306 7499
1307 5645
1308 3883
1309 5521
1310 6095
1311 295
1312 4653
1313 2019
1314 5892
1315 1731
1316 3022
1317 3006
1318 545
1319 6561
1320 2684
1321 5596
1322 6071
1323 1295
1324 2766
1325 8172
1326 7554
1327 1325
1328 8765
1329 1181
1330 1302
1331 3993
1332 4222
1333 7917
1334 6803
1335 3892
1336 7004
1337 8448
1338 468
1339 2592
1340 8359
1341 1846
1342 445
1343 6098
1344 4073
1345 2060
1346 2132
1347 6345
1348 7634
1349 6362
1350 1479
1351 8222
1352 3906
1353 6010
1354 8287
1355 3135
1356 0
1357 7619
1358 7886
1359 9282
1360 7986
1361 6685
1362 3887
1363 7594
1364 2137
1365 4266
1366 2866
1367 7795
1368 696
1369 2202
1370 3719
1371 5023
1372 3386
1373 6779
1374 4607
1375 3898
1376 3519
1377 8653
1378 6098
1379 423
1380 5562
1381 2574
1382 3937
1383 6812
1384 8510
1385 8790
1386 7102
1387 862
1388 3275
1389 3912
1390 1621
1391 6650
1392 6645
1393 4853
1394 5534
1395 6755
1396 931
1397 8639
1398 840
1399 5765
1400 4879
1401 8316
1402 1800
1403 4385
1404 5688
1405 656
1406 7552
1407 6110
1408 7084
1409 6557
1410 8225
1411 3338
1412 1290
1413 359
1414 1977
1415 5312
1416 2335
1417 8973
1418 4894
1419 4214
1420 5712
1421 8509
1422 63
1423 8582
1424 5755
1425 5591
1426 1429
1427 233
1428 4385
1429 9020
1430 5596
1431 6676
1432 1484
1433 3014
1434 4435
1435 692
1436 4196
1437 2586
1438 3713
1439 6762
1440 2141
1441 5450
1442 2216
1443 3188
1444 7693
1445 1688
1446 4858
1447 4826
1448 8813
1449 2313
1450 3797
1451 7941
1452 3365
1453 5698
1454 1469
1455 942
1456 1457
1457 1456
1458 7479
1459 726
1460 2231
1461 2077
1462 550
1463 6698
1464 4842
1465 2811
1466 8739
1467 2841
1468 5558
1469 6436
1470 5888
1471 6066
1472 8471
1473 4045
1474 288
1475 1778
1476 3397
1477 6163
1478 1554
1479 1350
1480 5296
1481 6955
1482 6026
1483 2119
1484 466
1485 5624
1486 3660
1487 1488
1488 1487
1489 2753
1490 7585
1491 1493
1492 2029
1493 8614
1494 719
1495 8073
1496 2551
1497 2957
1498 8908
1499 2176
1500 8400
1501 5388
1502 5774
1503 4393
1504 7360
1505 7429
1506 3955
1507 7596
1508 7030
1509 5273
1510 7851
1511 254
1512 6951
1513 197
1514 1263
1515 4701
1516 407
1517 10
1518 1071
1519 6421
1520 1718
1521 5352
1522 861
1523 7134
1524 8654
1525 9288
1526 7847
1527 8382
1528 4977
1529 6574
1530 3786
1531 3427
1532 1941
1533 3525
1534 4788
1535 2970
1536 2216
1537 5147
1538 5821
1539 7703
1540 3445
1541 7229
1542 6893
1543 9260
1544 7288
1545 1006
1546 8150
1547 1972
1548 6489
1549 1091
1550 3215
1551 6199
1552 215
1553 8086
1554 5320
1555 74
1556 2721
1557 6953
1558 2969
1559 1340
1560 6563
1561 5841
1562 5643
1563 6792
1564 6642
1565 4032
1566 2615
1567 5883
1568 2179
1569 211
1570 8812
1571 7676
1572 1578
1573 4803
1574 5459
1575 3664
1576 6492
1577 8171
1578 8046
1579 3197
1580 5099
1581 6314
1582 5038
1583 4706
1584 7454
1585 9280
1586 1104
1587 6894
1588 114
1589 9220
1590 2020
1591 5156
1592 7981
1593 1073
1594 5944
1595 3133
1596 7480
1597 6844
1598 7163
1599 1828
1600 3373
1601 1602
1602 1601
1603 1430
1604 7182
1605 2894
1606 2175
1607 4650
1608 4076
1609 2703
1610 46
1611 7174
1612 391
1613 4862
1614 1101
1615 581
1616 6580
1617 6625
1618 7267
1619 2197
1620 2118
1621 7769
1622 5731
1623 1160
1624 672
1625 816
1626 7360
1627 2235
1628 7087
1629 788
1630 6950
1631 2680
1632 1986
1633 5811
1634 751
1635 5372
1636 6049
1637 5527
1638 8227
1639 5375
1640 1969
1641 5369
1642 685
1643 6268
1644 3973
1645 5228
1646 2049
1647 3920
1648 2084
1649 9191
1650 4295
1651 2130
1652 713
1653 1727
1654 2174
1655 5129
1656 2799
1657 2540
1658 3601
1659 5286
1660 1024
1661 4444
1662 4528
1663 1683
1664 7139
1665 2598
1666 1664
1667 5764
1668 5797
1669 5563
1670 8456
1671 7598
1672 7804
1673 8437
1674 1536
1675 4350
1676 3362
1677 5638
1678 3888
1679 1289
1680 4371
1681 7978
1682 1585
1683 9099
1684 4804
1685 3289
1686 6862
1687 7044
1688 3496
1689 2585
1690 1138
1691 8734
1692 6935
1693 2049
1694 520
1695 2319
1696 2375
1697 7016
1698 7893
1699 4862
1700 1914
1701 410
1702 550
1703 3544
1704 205
1705 7381
1706 7016
1707 1864
1708 499
1709 3099
1710 7989
1711 2900
1712 1587
1713 4272
1714 5716
1715 7554
1716 5706
1717 1353
1718 1032
1719 2328
1720 9025
1721 9132
1722 719
1723 7725
1724 6276
1725 5557
1726 6947
1727 1564
1728 1043
1729 3988
1730 5687
1731 1315
1732 1451
1733 5561
1734 7329
1735 3579
1736 7175
1737 2961
1738 142
1739 747
1740 8898
1741 1746
1742 445
1743 8019
1744 830
1745 1607
1746 7647
1747 3837
1748 7782
1749 225
1750 7333
1751 7010
1752 7347
1753 2456
1754 6237
1755 7653
1756 8978
1757 9252
1758 1757
1759 60
1760 7706
1761 6892
1762 3211
1763 8208
1764 482
1765 851
1766 6129
1767 14
1768 5305
1769 5027
1770 902
1771 9271
1772 7995
1773 4600
1774 118
1775 5115
1776 9118
1777 2129
1778 1475
1779 4007
1780 4742
1781 4693
1782 7583
1783 6468
1784 1974
1785 2716
1786 6588
1787 6365
1788 789
1789 8452
1790 7627
1791 4587
1792 8771
1793 3889
1794 9041
1795 4085
1796 3586
1797 6876
1798 2948
1799 2881
1800 1402
1801 4033
1802 3958
1803 3360
1804 1634
1805 7262
1806 8555
1807 2180
1808 7604
1809 4830
1810 2037
1811 4039
1812 1810
1813 1456
1814 5945
1815 4303
1816 3691
1817 7672
1818 586
1819 4428
1820 8043
1821 6238
1822 8996
1823 9202
1824 5034
1825 1252
1826 3389
1827 8740
1828 5359
1829 9017
1830 1832
1831 7009
1832 1830
1833 2581
1834 8203
1835 8206
1836 1722
1837 5289
1838 1499
1839 1159
1840 297
1841 2727
1842 2759
1843 8027
1844 3773
1845 3170
1846 1174
1847 3863
1848 7666
1849 7653
1850 5253
1851 6147
1852 1853
1853 2157
1854 9169
1855 5938
1856 7875
1857 3374
1858 2702
1859 3176
1860 1232
1861 7917
1862 5103
1863 7544
1864 1707
1865 3510
1866 2455
1867 9142
1868 1716
1869 1456
1870 8073
1871 5971
1872 1417
1873 498
1874 1912
1875 8601
1876 1175
1877 4824
1878 7108
1879 8440
1880 7242
1881 2369
1882 1090
1883 4610
1884 3396
1885 285
1886 4627
1887 6815
1888 562
1889 8776
1890 8292
1891 6941
1892 6792
1893 1846
1894 632
1895 1058
1896 8832
1897 8849
1898 2314
1899 9280
1900 2262
1901 2329
1902 7660
1903 6579
1904 3278
1905 5879
1906 3260
1907 6932
1908 1758
1909 6182
1910 7134
1911 7132
1912 1874
1913 5689
1914 4348
1915 4707
1916 5487
1917 8951
1918 1115
1919 6141
1920 325
1921 8967
1922 6490
1923 1928
1924 1117
1925 8499
1926 2372
1927 9186
1928 1938
1929 3720
1930 5674
1931 4853
1932 5504
1933 8512
1934 1270
1935 2806
1936 3687
1937 469
1938 1928
1939 9124
1940 885
1941 1532
1942 2235
1943 3176
1944 954
1945 1284
1946 2096
1947 6401
1948 3723
1949 1580
1950 4042
1951 3931
1952 4117
1953 6097
1954 1691
1955 6999
1956 1300
1957 6813
1958 3307
1959 1223
1960 7499
1961 5645
1962 8059
1963 2118
1964 8180
1965 7362
1966 6442
1967 6581
1968 2118
1969 3963
1970 657
1971 9114
1972 8469
1973 3377
1974 332
1975 5645
1976 8368
1977 1414
1978 6539
1979 6271
1980 2753
1981 9132
1982 4222
1983 7741
1984 1696
1985 2324
1986 1632
1987 2320
1988 7910
1989 7080
1990 8504
1991 1619
1992 3071
1993 649
1994 8449
1995 1560
1996 8908
1997 2495
1998 4780
1999 5043
2000 5955
2001 2235
2002 1102
2003 2626
2004 6713
2005 4009
2006 5885
2007 1918
2008 2402
2009 2985
2010 2649
2011 9086
2012 1494
2013 5506
2014 3594
2015 6771
2016 7716
2017 2393
2018 1977
2019 6006
2020 1590
2021 7887
2022 5
2023 1993
2024 3504
2025 2509
2026 8250
2027 5363
2028 1671
2029 1492
2030 4346
2031 3621
2032 8193
2033 7213
2034 952
2035 6035
2036 2469
2037 1810
2038 3931
2039 6988
2040 1688
2041 840
2042 2205
2043 2060
2044 5196
2045 175
2046 3099
2047 6738
2048 8944
2049 8174
2050 5076
2051 5913
2052 5913
2053 1585
2054 2055
2055 2054
2056 9266
2057 3492
2058 6361
2059 2639
2060 1345
2061 6360
2062 2421
2063 2422
2064 2423
2065 2424
2066 9011
2067 640
2068 6771
2069 5989
2070 3841
2071 2491
2072 8428
2073 5736
2074 8163
2075 3952
2076 3781
2077 1461
2078 3243
2079 1688
2080 8663
2081 577
2082 4237
2083 948
2084 1648
2085 2217
2086 7017
2087 4048
2088 7405
2089 2091
2090 6598
2091 2089
2092 8965
2093 4626
2094 5153
2095 6848
2096 3886
2097 7087
2098 7335
2099 7199
2100 2098
2101 9229
2102 3851
2103 1436
2104 1151
2105 5239
2106 7582
2107 3512
2108 90
2109 9049
2110 3416
2111 1257
2112 5951
2113 2619
2114 8492
2115 1647
2116 1556
2117 6266
2118 8482
2119 4554
2120 7870
2121 1212
2122 2132
2123 6386
2124 3913
2125 3089
2126 6525
2127 9046
2128 3853
2129 5957
2130 1651
2131 5600
2132 9078
2133 3853
2134 9222
2135 622
2136 3704
2137 6897
2138 6201
2139 2455
2140 9018
2141 1440
2142 2165
2143 2154
2144 4211
2145 7475
2146 5040
2147 2415
2148 3469
2149 9126
2150 1947
2151 8856
2152 4969
2153 6146
2154 2143
2155 5382
2156 71
2157 402
2158 7112
2159 1052
2160 4579
2161 7488
2162 1028
2163 1213
2164 3874
2165 7749
2166 8358
2167 7426
2168 6733
2169 857
2170 5258
2171 6802
2172 6934
2173 6858
2174 2175
2175 2174
2176 6592
2177 6718
2178 5419
2179 5479
2180 9267
2181 1023
2182 482
2183 3979
2184 5242
2185 6855
2186 2897
2187 6451
2188 677
2189 2727
2190 6379
2191 1867
2192 7705
2193 3002
2194 2196
2195 4587
2196 3323
2197 1619
2198 5382
2199 1611
2200 5601
2201 6571
2202 7102
2203 9181
2204 2971
2205 2204
2206 15
2207 5734
2208 2209
2209 7713
2210 574
2211 893
2212 2542
2213 8187
2214 5151
2215 4785
2216 6098
2217 3803
2218 865
2219 2745
2220 5442
2221 5022
2222 652
2223 4338
2224 2496
2225 8149
2226 7086
2227 42
2228 9131
2229 1739
2230 1894
2231 7595
2232 1600
2233 5851
2234 1147
2235 8903
2236 8871
2237 7378
2238 1463
2239 4749
2240 1949
2241 1748
2242 3356
2243 6384
2244 2252
2245 9151
2246 894
2247 7535
2248 7928
2249 3136
2250 620
2251 4498
2252 2679
2253 2118
2254 4429
2255 6804
2256 8104
2257 7419
2258 685
2259 7818
2260 8324
2261 2264
2262 6280
2263 2264
2264 2263
2265 9038
2266 1641
2267 8291
2268 2942
2269 6843
2270 5755
2271 1976
2272 9071
2273 8791
2274 3783
2275 7725
2276 6599
2277 4814
2278 3424
2279 3710
2280 3662
2281 1153
2282 3047
2283 4001
2284 1859
2285 3277
2286 6672
2287 1979
2288 6907
2289 5825
2290 6010
2291 7563
2292 4100
2293 4047
2294 2141
2295 6145
2296 1122
2297 7920
2298 210
2299 3619
2300 8900
2301 405
2302 6443
2303 6583
2304 8971
2305 8433
2306 3582
2307 4516
2308 3297
2309 1918
2310 2264
2311 250
2312 1829
2313 8846
2314 7632
2315 8359
2316 3318
2317 2449
2318 3134
2319 1695
2320 1322
2321 863
2322 811
2323 1107
2324 1985
2325 8207
2326 7909
2327 2329
2328 628
2329 2327
2330 8577
2331 5313
2332 4463
2333 2332
2334 3164
2335 2514
2336 530
2337 1783
2338 7839
2339 6261
2340 8820
2341 4032
2342 6358
2343 5686
2344 9019
2345 3234
2346 7321
2347 816
2348 5664
2349 8189
2350 6138
2351 3697
2352 5545
2353 9271
2354 4163
2355 5011
2356 903
2357 7835
2358 5356
2359 9013
2360 8473
2361 329
2362 7365
2363 3635
2364 1671
2365 5189
2366 8437
2367 6204
2368 3856
2369 4957
2370 377
2371 5380
2372 1926
2373 8898
2374 2481
2375 1696
2376 3982
2377 8595
2378 2632
2379 2785
2380 5419
2381 6150
2382 2742
2383 5269
2384 6819
2385 6404
2386 7168
2387 9188
2388 659
2389 9204
2390 2394
2391 2983
2392 7106
2393 1281
2394 2390
2395 5755
2396 3501
2397 6827
2398 6633
2399 2543
2400 2931
2401 7297
2402 5167
2403 2457
2404 1024
2405 4993
2406 6164
2407 4180
2408 9263
2409 7580
2410 4017
2411 6581
2412 3834
2413 753
2414 399
2415 5112
2416 5799
2417 861
2418 2032
2419 8699
2420 110
2421 2062
2422 2063
2423 8732
2424 2065
2425 5643
2426 5057
2427 6868
2428 5860
2429 1173
2430 9198
2431 7170
2432 5854
2433 2435
2434 7466
2435 2433
2436 3857
2437 5990
2438 1303
2439 4566
2440 3514
2441 696
2442 4458
2443 4814
2444 6767
2445 500
2446 6940
2447 8496
2448 7410
2449 2317
2450 816
2451 5744
2452 7757
2453 1675
2454 2800
2455 1866
2456 1753
2457 6844
2458 881
2459 550
2460 8579
2461 1694
2462 5972
2463 7483
2464 4721
2465 4328
2466 4427
2467 8481
2468 2124
2469 2036
2470 5138
2471 346
2472 3483
2473 2475
2474 8443
2475 6665
2476 6205
2477 6598
2478 1826
2479 1970
2480 3455
2481 5681
2482 5789
2483 8158
2484 5769
2485 8730
2486 280
2487 1522
2488 1375
2489 881
2490 8316
2491 2071
2492 6623
2493 4115
2494 4059
2495 8442
2496 8134
2497 5038
2498 5594
2499 3890
2500 5659
2501 4489
2502 2503
2503 2502
2504 3487
2505 4382
2506 4372
2507 3556
2508 9210
2509 4435
2510 632
2511 8352
2512 5923
2513 2322
2514 2335
2515 757
2516 7731
2517 543
2518 6440
2519 6665
2520 1879
2521 5018
2522 4650
2523 9231
2524 7429
2525 3447
2526 979
2527 7967
2528 2620
2529 2108
2530 3051
2531 7129
2532 8637
2533 2534
2534 2533
2535 6301
2536 3998
2537 6108
2538 1875
2539 1381
2540 1657
2541 3756
2542 2212
2543 4422
2544 100
2545 6133
2546 1565
2547 251
2548 3904
2549 8347
2550 1946
2551 1496
2552 6863
2553 5813
2554 2095
2555 5229
2556 3220
2557 5886
2558 5742
2559 384
2560 1495
2561 3643
2562 663
2563 4637
2564 3078
2565 6695
2566 8465
2567 5425
2568 5951
2569 2744
2570 5087
2571 467
2572 6521
2573 9114
2574 6205
2575 6699
2576 4177
2577 3881
2578 3568
2579 8582
2580 639
2581 129
2582 4606
2583 3605
2584 5841
2585 1689
2586 5510
2587 8837
2588 3017
2589 1650
2590 2949
2591 7430
2592 3078
2593 2803
2594 7326
2595 6579
2596 3650
2597 1292
2598 6675
2599 7581
2600 6741
2601 2602
2602 2601
2603 7692
2604 2126
2605 6473
2606 7481
2607 5607
2608 6283
2609 5033
2610 9011
2611 3359
2612 3710
2613 7908
2614 471
2615 1566
2616 7539
2617 5314
2618 1011
2619 4025
2620 2528
2621 5559
2622 6117
2623 4430
2624 9151
2625 6462
2626 2003
2627 2630
2628 805
2629 4920
2630 8900
2631 3844
2632 654
2633 2366
2634 7862
2635 2823
2636 3859
2637 4015
2638 3430
2639 6480
2640 5527
2641 1766
2642 2824
2643 3789
2644 5044
2645 3455
2646 33
2647 2712
2648 9198
2649 2010
2650 3602
2651 5261
2652 4281
2653 788
2654 5625
2655 8997
2656 8169
2657 9294
2658 7997
2659 6623
2660 7969
2661 34
2662 6322
2663 2787
2664 3895
2665 3452
2666 6125
2667 1633
2668 6791
2669 5941
2670 8819
2671 2193
2672 7452
2673 5805
2674 4380
2675 4460
2676 9077
2677 2964
2678 1327
2679 2252
2680 1631
2681 6777
2682 6344
2683 5564
2684 1320
2685 4649
2686 290
2687 4973
2688 1602
2689 7534
2690 1286
2691 2721
2692 8923
2693 3941
2694 7458
2695 1200
2696 8450
2697 4556
2698 4873
2699 3721
2700 5449
2701 2702
2702 2701
2703 5518
2704 5256
2705 7197
2706 5918
2707 9281
2708 5534
2709 3565
2710 4692
2711 8825
2712 8729
2713 8665
2714 7859
2715 3800
2716 1785
2717 9297
2718 5904
2719 4005
2720 3268
2721 1556
2722 683
2723 3911
2724 5056
2725 2726
2726 1602
2727 2189
2728 1832
2729 6553
2730 8818
2731 5902
2732 8344
2733 6174
2734 4961
2735 5213
2736 8236
2737 3027
2738 8458
2739 3582
2740 777
2741 5466
2742 2382
2743 2900
2744 4418
2745 2219
2746 2704
2747 6110
2748 4663
2749 1799
2750 1079
2751 1771
2752 5587
2753 1489
2754 5509
2755 9220
2756 8113
2757 8709
2758 8793
2759 8626
2760 7653
2761 5913
2762 4422
2763 2554
2764 3960
2765 1370
2766 2554
2767 3363
2768 1215
2769 7731
2770 7798
2771 6601
2772 4840
2773 3368
2774 193
2775 6928
2776 8951
2777 1283
2778 4138
2779 4097
2780 3146
2781 4173
2782 6265
2783 3573
2784 628
2785 2379
2786 4869
2787 7261
2788 2789
2789 2788
2790 5232
2791 3358
2792 5410
2793 5885
2794 5823
2795 7431
2796 3551
2797 1035
2798 8482
2799 3336
2800 1005
2801 7537
2802 3014
2803 6873
2804 115
2805 5243
2806 4873
2807 8255
2808 1276
2809 3851
2810 3482
2811 7553
2812 667
2813 1092
2814 9017
2815 426
2816 9003
2817 8191
2818 7463
2819 5781
2820 167
2821 3390
2822 3071
2823 2635
2824 4587
2825 2453
2826 1461
2827 362
2828 4155
2829 9113
2830 2491
2831 5059
2832 1136
2833 508
2834 4569
2835 7598
2836 4789
2837 4475
2838 7494
2839 8079
2840 1255
2841 1212
2842 2519
2843 7402
2844 634
2845 4109
2846 123
2847 8735
2848 6649
2849 6077
2850 280
2851 6075
2852 172
2853 621
2854 6421
2855 1049
2856 2973
2857 4465
2858 3750
2859 5930
2860 3568
2861 1344
2862 4433
2863 6206
2864 2453
2865 5629
2866 1366
2867 4373
2868 2692
2869 2741
2870 5537
2871 5157
2872 8301
2873 964
2874 857
2875 1943
2876 355
2877 3599
2878 7745
2879 6785
2880 233
2881 6815
2882 3739
2883 3629
2884 6378
2885 1130
2886 6892
2887 5765
2888 5033
2889 8476
2890 8395
2891 6602
2892 7764
2893 3489
2894 1605
2895 5566
2896 4296
2897 7155
2898 3257
2899 870
2900 2743
2901 8323
2902 2160
2903 2904
2904 2903
2905 4120
2906 3095
2907 3662
2908 7645
2909 7319
2910 7999
2911 6177
2912 3975
2913 137
2914 4085
2915 551
2916 8710
2917 1169
2918 437
2919 6681
2920 6157
2921 3107
2922 938
2923 3523
2924 6533
2925 4451
2926 5314
2927 8499
2928 5493
2929 7513
2930 3338
2931 2400
2932 8499
2933 8581
2934 5478
2935 2901
2936 938
2937 4960
2938 1455
2939 100
2940 1650
2941 3459
2942 947
2943 4005
2944 218
2945 8107
2946 8905
2947 3161
2948 1798
2949 2590
2950 8372
2951 6007
2952 694
2953 5412
2954 5598
2955 2956
2956 8576
2957 993
2958 5456
2959 4733
2960 1325
2961 6841
2962 5535
2963 712
2964 7241
2965 924
2966 5742
2967 2125
2968 7932
2969 3328
2970 4295
2971 4316
2972 240
2973 5606
2974 3963
2975 190
2976 3026
2977 3147
2978 6362
2979 6529
2980 9109
2981 5604
2982 27
2983 2391
2984 2845
2985 4919
2986 3604
2987 4161
2988 8637
2989 2449
2990 6084
2991 5074
2992 7430
2993 7963
2994 2143
2995 3208
2996 1229
2997 3555
2998 6297
2999 7413
3000 8582
3001 2543
3002 6536
3003 1512
3004 5057
3005 4651
3006 3426
3007 8769
3008 1795
3009 8838
3010 8196
3011 5229
3012 5034
3013 6716
3014 8916
3015 8512
3016 6778
3017 2588
3018 1304
3019 3886
3020 6965
3021 4138
3022 4795
3023 8581
3024 7173
3025 5314
3026 1177
3027 2737
3028 7357
3029 3869
3030 454
3031 2318
3032 4896
3033 3083
3034 8954
3035 5431
3036 4789
3037 9105
3038 6627
3039 9046
3040 3039
3041 5229
3042 6092
3043 3240
3044 658
3045 45
3046 219
3047 2282
3048 2783
3049 7348
3050 3438
3051 2530
3052 2582
3053 4029
3054 7452
3055 7171
3056 1252
3057 7859
3058 3068
3059 5880
3060 7893
3061 7133
3062 422
3063 6191
3064 8239
3065 3584
3066 1744
3067 5752
3068 3058
3069 1276
3070 112
3071 1992
3072 1237
3073 6953
3074 8606
3075 5275
3076 304
3077 797
3078 8842
3079 1284
3080 5216
3081 1484
3082 4976
3083 3033
3084 4577
3085 2542
3086 369
3087 8695
3088 6035
3089 3357
3090 1371
3091 347
3092 6022
3093 8436
3094 8437
3095 2906
3096 6212
3097 8588
3098 9247
3099 2046
3100 7422
3101 7365
3102 4716
3103 6462
3104 7542
3105 1110
3106 5783
3107 5806
3108 2022
3109 9128
3110 7176
3111 4888
3112 224
3113 2183
3114 8377
3115 5906
3116 8020
3117 8036
3118 7895
3119 1828
3120 2752
3121 194
3122 8128
3123 572
3124 1571
3125 5509
3126 7710
3127 3699
3128 4632
3129 61
3130 3131
3131 3130
3132 7046
3133 1495
3134 6598
3135 992
3136 4130
3137 6123
3138 56
3139 6686
3140 252
3141 7194
3142 5112
3143 5016
3144 2813
3145 5260
3146 271
3147 2091
3148 4048
3149 2461
3150 8735
3151 6093
3152 6151
3153 8479
3154 1198
3155 5052
3156 4268
3157 6851
3158 2435
3159 8765
3160 8981
3161 6578
3162 2596
3163 7465
3164 2334
3165 6149
3166 5421
3167 4047
3168 7479
3169 147
3170 1845
3171 7011
3172 8529
3173 841
3174 387
3175 8461
3176 1859
3177 9214
3178 356
3179 6417
3180 7158
3181 6389
3182 5786
3183 208
3184 8015
3185 9288
3186 546
3187 5886
3188 5751
3189 4936
3190 6418
3191 9008
3192 6971
3193 2188
3194 7939
3195 9108
3196 8292
3197 5673
3198 9087
3199 3320
3200 746
3201 3891
3202 1169
3203 8139
3204 6088
3205 7218
3206 3710
3207 7122
3208 63
3209 7941
3210 5792
3211 1762
3212 6562
3213 8788
3214 7
3215 1550
3216 3534
3217 7231
3218 617
3219 4095
3220 2556
3221 5929
3222 6433
3223 2579
3224 5178
3225 4920
3226 5055
3227 4236
3228 3199
3229 8893
3230 6012
3231 5775
3232 1400
3233 337
3234 8294
3235 3462
3236 6581
3237 3166
3238 6701
3239 4151
3240 6953
3241 4547
3242 4444
3243 2078
3244 312
3245 3247
3246 5363
3247 3245
3248 1188
3249 5132
3250 3731
3251 8470
3252 8853
3253 452
3254 4811
3255 7861
3256 8067
3257 7301
3258 6304
3259 4636
3260 8491
3261 9140
3262 1707
3263 7910
3264 3265
3265 1523
3266 6787
3267 1311
3268 8332
3269 8801
3270 3821
3271 8017
3272 3274
3273 17
3274 3272
3275 1388
3276 3274
3277 3176
3278 3540
3279 3280
3280 3279
3281 3314
3282 9271
3283 1561
3284 6224
3285 7448
3286 2051
3287 8190
3288 1833
3289 7906
3290 1346
3291 7209
3292 5023
3293 769
3294 3250
3295 2934
3296 442
3297 8536
3298 2250
3299 3715
3300 3314
3301 8378
3302 351
3303 4749
3304 2679
3305 6424
3306 5304
3307 347
3308 902
3309 3408
3310 3571
3311 539
3312 3571
3313 6565
3314 3300
3315 2162
3316 5992
3317 4218
3318 5192
3319 7471
3320 3199
3321 2194
3322 6638
3323 2196
3324 7512
3325 321
3326 9173
3327 710
3328 2969
3329 5743
3330 1270
3331 2900
3332 1385
3333 7690
3334 1486
3335 3158
3336 2799
3337 2509
3338 2930
3339 7667
3340 9202
3341 2098
3342 7010
3343 7215
3344 5057
3345 3376
3346 5805
3347 6274
3348 619
3349 8119
3350 6967
3351 4183
3352 4687
3353 4398
3354 3435
3355 252
3356 3525
3357 3089
3358 2791
3359 5509
3360 2459
3361 6089
3362 1676
3363 1180
3364 2127
3365 1452
3366 8384
3367 6310
3368 6212
3369 5643
3370 8384
3371 6272
3372 3373
3373 3372
3374 3012
3375 2389
3376 7517
3377 1973
3378 5805
3379 7447
3380 7606
3381 115
3382 4974
3383 6682
3384 1565
3385 7511
3386 744
3387 6588
3388 8712
3389 1826
3390 2821
3391 6370
3392 2188
3393 1486
3394 8278
3395 5478
3396 1340
3397 1476
3398 8456
3399 7755
3400 7832
3401 7649
3402 1839
3403 3933
3404 7862
3405 4397
3406 5910
3407 7182
3408 3034
3409 4563
3410 4999
3411 713
3412 2699
3413 1571
3414 6754
3415 5634
3416 3538
3417 158
3418 4569
3419 1013
3420 7012
3421 2037
3422 8403
3423 6342
3424 8217
3425 9148
3426 3581
3427 2778
3428 4245
3429 995
3430 2638
3431 2451
3432 5537
3433 1703
3434 3336
3435 8898
3436 6927
3437 8131
3438 4863
3439 3438
3440 6731
3441 9232
3442 6239
3443 3710
3444 5104
3445 1540
3446 4849
3447 2525
3448 6944
3449 1570
3450 1706
3451 3220
3452 511
3453 4569
3454 7879
3455 2480
3456 9192
3457 397
3458 2475
3459 8959
3460 8941
3461 2298
3462 5450
3463 7396
3464 3465
3465 4032
3466 4951
3467 8428
3468 3469
3469 164
3470 3471
3471 3470
3472 5020
3473 2477
3474 8170
3475 3389
3476 9195
3477 4555
3478 2267
3479 6351
3480 3479
3481 6413
3482 2810
3483 3768
3484 8004
3485 3484
3486 1598
3487 6025
3488 2011
3489 1367
3490 1160
3491 6314
3492 2057
3493 5792
3494 956
3495 7023
3496 1688
3497 3498
3498 3497
3499 5809
3500 1434
3501 3502
3502 3501
3503 9145
3504 4995
3505 5276
3506 3492
3507 935
3508 7864
3509 25
3510 1865
3511 6525
3512 3521
3513 6310
3514 2440
3515 7743
3516 729
3517 8316
3518 398
3519 8165
3520 5836
3521 3512
3522 3434
3523 8269
3524 8354
3525 5594
3526 8710
3527 7275
3528 2569
3529 8489
3530 8361
3531 9168
3532 1943
3533 1831
3534 3373
3535 2289
3536 3176
3537 5959
3538 3416
3539 5824
3540 3278
3541 2946
3542 4236
3543 7396
3544 1864
3545 9132
3546 1292
3547 9149
3548 5373
3549 4119
3550 2424
3551 4105
3552 4207
3553 8242
3554 4193
3555 4193
3556 557
3557 5365
3558 8798
3559 418
3560 9062
3561 1534
3562 1224
3563 6833
3564 8134
3565 8521
3566 2474
3567 98
3568 2860
3569 783
3570 3462
3571 3310
3572 6072
3573 2783
3574 5341
3575 3846
3576 8895
3577 2889
3578 4543
3579 1735
3580 7618
3581 3029
3582 2739
3583 5419
3584 6416
3585 3319
3586 1796
3587 20
3588 8828
3589 7223
3590 8131
3591 8447
3592 8667
3593 3694
3594 6213
3595 7622
3596 2188
3597 3392
3598 399
3599 2877
3600 1939
3601 816
3602 2080
3603 2736
3604 8969
3605 2583
3606 1585
3607 3281
3608 7861
3609 6623
3610 1583
3611 5214
3612 8764
3613 5681
3614 7051
3615 8250
3616 505
3617 6783
3618 2657
3619 2299
3620 3649
3621 2031
3622 147
3623 2600
3624 4385
3625 4479
3626 5366
3627 3785
3628 8536
3629 4385
3630 1657
3631 6848
3632 3917
3633 7233
3634 9297
3635 3995
3636 9019
3637 6760
3638 1296
3639 4268
3640 7859
3641 5103
3642 137
3643 8351
3644 6695
3645 1512
3646 7033
3647 6695
3648 9001
3649 8985
3650 2596
3651 5231
3652 6074
3653 6845
3654 5870
3655 9220
3656 2528
3657 7572
3658 2630
3659 9011
3660 1929
3661 6693
3662 7772
3663 2394
3664 5418
3665 1314
3666 7227
3667 4334
3668 8913
3669 3771
3670 2553
3671 5910
3672 953
3673 1816
3674 9098
3675 1702
3676 304
3677 719
3678 343
3679 607
3680 3989
3681 3948
3682 4876
3683 6622
3684 4721
3685 7403
3686 1399
3687 1936
3688 7129
3689 4340
3690 9208
3691 4099
3692 2596
3693 8005
3694 4223
3695 8975
3696 924
3697 2351
3698 5770
3699 3127
3700 1723
3701 6624
3702 7182
3703 2012
3704 6619
3705 179
3706 5566
3707 1463
3708 6454
3709 6492
3710 7291
3711 5264
3712 5249
3713 1438
3714 4553
3715 7482
3716 3095
3717 3190
3718 4122
3719 632
3720 1929
3721 2699
3722 309
3723 3448
3724 782
3725 2291
3726 3977
3727 6399
3728 8266
3729 1668
3730 3371
3731 3250
3732 4675
3733 5333
3734 3024
3735 341
3736 8938
3737 6049
3738 2720
3739 561
3740 7730
3741 7891
3742 5363
3743 332
3744 7216
3745 7395
3746 793
3747 9033
3748 4698
3749 1037
3750 2858
3751 696
3752 107
3753 5467
3754 1647
3755 911
3756 2541
3757 4434
3758 3759
3759 6019
3760 5241
3761 3764
3762 8207
3763 7015
3764 3761
3765 1804
3766 6002
3767 4413
3768 3483
3769 6385
3770 3488
3771 3669
3772 6631
3773 1844
3774 8823
3775 3584
3776 6669
3777 6588
3778 373
3779 3275
3780 997
3781 2076
3782 3652
3783 2274
3784 9033
3785 3627
3786 1530
3787 8518
3788 1891
3789 3945
3790 2524
3791 7917
3792 8506
3793 5023
3794 8049
3795 9139
3796 2119
3797 3975
3798 3799
3799 3798
3800 5434
3801 519
3802 43
3803 2217
3804 110
3805 7772
3806 7839
3807 7675
3808 8954
3809 1270
3810 6314
3811 6084
3812 8931
3813 838
3814 168
3815 1376
3816 6145
3817 4631
3818 5654
3819 5878
3820 4654
3821 6486
3822 7157
3823 6529
3824 3560
3825 357
3826 2766
3827 8
3828 5451
3829 5685
3830 1456
3831 5566
3832 4205
3833 7522
3834 4290
3835 656
3836 162
3837 1747
3838 7927
3839 4662
3840 6020
3841 167
3842 3162
3843 4763
3844 6266
3845 9244
3846 8615
3847 5957
3848 8217
3849 606
3850 8431
3851 4092
3852 4424
3853 2128
3854 4350
3855 749
3856 625
3857 3479
3858 8725
3859 6394
3860 6001
3861 6900
3862 6821
3863 1847
3864 2671
3865 4940
3866 9002
3867 8118
3868 3920
3869 5528
3870 469
3871 3895
3872 6622
3873 5481
3874 1273
3875 5043
3876 3232
3877 8903
3878 1145
3879 1322
3880 6748
3881 8228
3882 3883
3883 7963
3884 3997
3885 3829
3886 5526
3887 6951
3888 4533
3889 4540
3890 6443
3891 2540
3892 8941
3893 7232
3894 8448
3895 3871
3896 2388
3897 8241
3898 6463
3899 1733
3900 2145
3901 3687
3902 354
3903 6380
3904 3951
3905 3907
3906 1352
3907 3905
3908 1235
3909 5710
3910 7783
3911 3905
3912 617
3913 2124
3914 8168
3915 9107
3916 5623
3917 3029
3918 7926
3919 6049
3920 1647
3921 6994
3922 7646
3923 5716
3924 6497
3925 8664
3926 8087
3927 620
3928 4786
3929 2969
3930 7265
3931 2038
3932 4044
3933 3403
3934 5108
3935 8163
3936 5116
3937 1382
3938 1769
3939 3811
3940 6535
3941 7159
3942 6373
3943 538
3944 5136
3945 3789
3946 6171
3947 7623
3948 3400
3949 1872
3950 5528
3951 3904
3952 4518
3953 5368
3954 8123
3955 813
3956 6939
3957 404
3958 1802
3959 8328
3960 2764
3961 208
3962 8182
3963 1969
3964 785
3965 5821
3966 7136
3967 1560
3968 4454
3969 5777
3970 4340
3971 228
3972 5034
3973 147
3974 6194
3975 2912
3976 9129
3977 6506
3978 6753
3979 2183
3980 8901
3981 2118
3982 4535
3983 3534
3984 7850
3985 8596
3986 7753
3987 7985
3988 5698
3989 8542
3990 557
3991 8231
3992 7202
3993 471
3994 2264
3995 3635
3996 417
3997 7730
3998 2536
3999 6362
4000 8454
4001 2283
4002 6581
4003 3135
4004 270
4005 2719
4006 7737
4007 1779
4008 9227
4009 1083
4010 9036
4011 7846
4012 4520
4013 1057
4014 7250
4015 2637
4016 5574
4017 2410
4018 6180
4019 6242
4020 6087
4021 8493
4022 1482
4023 6545
4024 2537
4025 2619
4026 836
4027 3133
4028 5984
4029 6524
4030 4177
4031 7126
4032 1565
4033 1801
4034 1810
4035 6479
4036 2648
4037 6826
4038 5731
4039 6134
4040 5769
4041 7736
4042 7861
4043 4800
4044 8072
4045 1473
4046 7552
4047 3167
4048 8255
4049 1659
4050 8935
4051 5671
4052 9097
4053 1415
4054 9096
4055 666
4056 6809
4057 6563
4058 7998
4059 2494
4060 4230
4061 6001
4062 7671
4063 7221
4064 8017
4065 551
4066 7929
4067 7998
4068 4021
4069 992
4070 219
4071 5715
4072 5298
4073 1344
4074 4885
4075 5170
4076 1608
4077 9126
4078 368
4079 4326
4080 5896
4081 256
4082 8258
4083 5127
4084 1516
4085 2914
4086 5038
4087 2365
4088 7152
4089 4080
4090 555
4091 1977
4092 3851
4093 6274
4094 1356
4095 2783
4096 1040
4097 3802
4098 4400
4099 3691
4100 6747
4101 6480
4102 4620
4103 8848
4104 2238
4105 239
4106 3251
4107 4359
4108 5178
4109 2845
4110 7895
4111 2638
4112 3959
4113 5956
4114 50
4115 4204
4116 5268
4117 9220
4118 4202
4119 4791
4120 7031
4121 6604
4122 5868
4123 1122
4124 7164
4125 5095
4126 4127
4127 3781
4128 8136
4129 7979
4130 3136
4131 4391
4132 5657
4133 5155
4134 8132
4135 7726
4136 7869
4137 8071
4138 2778
4139 7890
4140 5776
4141 7393
4142 7705
4143 7091
4144 6213
4145 6594
4146 2492
4147 5779
4148 5766
4149 2304
4150 4959
4151 3239
4152 3465
4153 817
4154 7122
4155 731
4156 855
4157 5132
4158 6508
4159 566
4160 1368
4161 2987
4162 5792
4163 2354
4164 2789
4165 1945
4166 3095
4167 7995
4168 4793
4169 9073
4170 4779
4171 1777
4172 3864
4173 6735
4174 6184
4175 5931
4176 1613
4177 2576
4178 7553
4179 1229
4180 4601
4181 175
4182 4237
4183 6706
4184 7363
4185 182
4186 4187
4187 4186
4188 4784
4189 8251
4190 9258
4191 7243
4192 7276
4193 3554
4194 4081
4195 3348
4196 7120
4197 5323
4198 868
4199 2652
4200 1624
4201 1098
4202 4495
4203 6681
4204 7847
4205 3832
4206 272
4207 3552
4208 7223
4209 7511
4210 1446
4211 5227
4212 5800
4213 317
4214 1419
4215 8315
4216 5247
4217 5026
4218 550
4219 5261
4220 693
4221 2192
4222 7520
4223 3694
4224 2180
4225 3698
4226 200
4227 5595
4228 4939
4229 3127
4230 6084
4231 8332
4232 8474
4233 9061
4234 3693
4235 2971
4236 3542
4237 48
4238 6060
4239 5095
4240 4546
4241 4824
4242 690
4243 4183
4244 6138
4245 275
4246 5130
4247 7447
4248 4255
4249 610
4250 617
4251 3977
4252 78
4253 7031
4254 2916
4255 4248
4256 4324
4257 853
4258 3963
4259 7357
4260 4263
4261 8018
4262 9003
4263 4260
4264 9117
4265 1563
4266 8449
4267 8355
4268 412
4269 2949
4270 4606
4271 7423
4272 1713
4273 5663
4274 3362
4275 5784
4276 1893
4277 5551
4278 5716
4279 4109
4280 5552
4281 8168
4282 7879
4283 1473
4284 5485
4285 572
4286 482
4287 4648
4288 1444
4289 2228
4290 3834
4291 7589
4292 8198
4293 9038
4294 2539
4295 1650
4296 2896
4297 5182
4298 385
4299 330
4300 7716
4301 3742
4302 1500
4303 7974
4304 6881
4305 2318
4306 1177
4307 7553
4308 5982
4309 7120
4310 8452
4311 7168
4312 9207
4313 159
4314 152
4315 2127
4316 2971
4317 3928
4318 4498
4319 5214
4320 3687
4321 1878
4322 25
4323 6961
4324 6243
4325 8950
4326 8332
4327 4616
4328 5166
4329 1692
4330 821
4331 4687
4332 2812
4333 5683
4334 1619
4335 4446
4336 882
4337 8935
4338 415
4339 5014
4340 8120
4341 5275
4342 6619
4343 5954
4344 5379
4345 6803
4346 8371
4347 4629
4348 5487
4349 3689
4350 3854
4351 2342
4352 3565
4353 4888
4354 7548
4355 5739
4356 450
4357 2935
4358 7098
4359 5365
4360 666
4361 2678
4362 7997
4363 6752
4364 5463
4365 4364
4366 3662
4367 2046
4368 2681
4369 4481
4370 370
4371 2119
4372 5888
4373 2867
4374 7787
4375 4617
4376 6614
4377 574
4378 5062
4379 1239
4380 4471
4381 1631
4382 4888
4383 892
4384 2849
4385 5737
4386 4661
4387 1295
4388 6419
4389 5156
4390 7844
4391 4131
4392 7531
4393 1503
4394 8775
4395 1381
4396 1651
4397 3405
4398 4350
4399 8923
4400 5935
4401 9220
4402 7397
4403 1461
4404 4759
4405 1285
4406 6107
4407 2571
4408 8087
4409 203
4410 1508
4411 1126
4412 2774
4413 3767
4414 5917
4415 5046
4416 6364
4417 5415
4418 2744
4419 2260
4420 6843
4421 4290
4422 2762
4423 4277
4424 3852
4425 149
4426 3516
4427 9209
4428 1819
4429 2254
4430 5973
4431 4294
4432 8121
4433 1015
4434 3757
4435 60
4436 8120
4437 3711
4438 6905
4439 7018
4440 1001
4441 6076
4442 6036
4443 883
4444 4633
4445 9244
4446 4335
4447 9056
4448 8711
4449 1154
4450 1037
4451 4452
4452 4451
4453 2368
4454 3968
4455 5382
4456 7670
4457 5701
4458 2442
4459 5842
4460 104
4461 4493
4462 591
4463 3445
4464 4623
4465 2857
4466 9011
4467 1023
4468 6150
4469 8863
4470 4775
4471 3798
4472 3886
4473 8568
4474 678
4475 2837
4476 4801
4477 6309
4478 5839
4479 3625
4480 46
4481 8497
4482 6229
4483 7515
4484 5880
4485 7317
4486 7189
4487 6532
4488 4187
4489 2648
4490 1882
4491 946
4492 6690
4493 6777
4494 4982
4495 4202
4496 6397
4497 4496
4498 4499
4499 4850
4500 5193
4501 562
4502 8750
4503 2054
4504 5419
4505 7476
4506 4718
4507 6607
4508 1227
4509 5371
4510 6990
4511 3773
4512 8975
4513 2503
4514 721
4515 6563
4516 2307
4517 4070
4518 1772
4519 8161
4520 4012
4521 8817
4522 5693
4523 366
4524 5460
4525 6729
4526 5586
4527 2535
4528 1662
4529 1122
4530 4636
4531 7979
4532 7075
4533 3888
4534 5159
4535 3982
4536 7767
4537 4007
4538 5170
4539 6753
4540 3889
4541 6018
4542 1795
4543 3578
4544 2495
4545 4209
4546 3355
4547 3241
4548 6153
4549 6158
4550 4939
4551 7970
4552 6415
4553 1993
4554 2119
4555 6163
4556 7162
4557 8801
4558 7219
4559 4244
4560 3127
4561 1186
4562 5065
4563 252
4564 692
4565 5240
4566 2439
4567 7188
4568 607
4569 1813
4570 7483
4571 6350
4572 9236
4573 7223
4574 8964
4575 8301
4576 7916
4577 5579
4578 6408
4579 2160
4580 7753
4581 1528
4582 7796
4583 6027
4584 8325
4585 2969
4586 4666
4587 2195
4588 5136
4589 4699
4590 201
4591 1284
4592 7381
4593 7538
4594 2653
4595 3241
4596 5786
4597 1212
4598 2066
4599 5313
4600 1773
4601 4745
4602 5942
4603 7187
4604 5673
4605 5077
4606 4270
4607 1374
4608 274
4609 6967
4610 4268
4611 3958
4612 3891
4613 4811
4614 6960
4615 1035
4616 740
4617 4911
4618 735
4619 6617
4620 6615
4621 1094
4622 1274
4623 690
4624 4650
4625 2512
4626 2093
4627 6971
4628 8976
4629 6389
4630 5736
4631 4943
4632 5751
4633 4444
4634 6250
4635 922
4636 4530
4637 2765
4638 5948
4639 9282
4640 5189
4641 5907
4642 9033
4643 8088
4644 6798
4645 7782
4646 8615
4647 6618
4648 4287
4649 3674
4650 4207
4651 4652
4652 4653
4653 4652
4654 3820
4655 2958
4656 9137
4657 9008
4658 3091
4659 278
4660 110
4661 7031
4662 3839
4663 2748
4664 1366
4665 5317
4666 5561
4667 3480
4668 4177
4669 322
4670 9249
4671 2331
4672 4009
4673 7569
4674 7273
4675 1647
4676 4716
4677 3119
4678 2412
4679 5132
4680 5301
4681 4063
4682 4211
4683 2343
4684 890
4685 6863
4686 7605
4687 3352
4688 6256
4689 4009
4690 3032
4691 5279
4692 2710
4693 1781
4694 195
4695 3604
4696 1326
4697 6863
4698 3748
4699 7599
4700 8582
4701 1515
4702 7563
4703 8193
4704 7110
4705 2500
4706 1583
4707 1915
4708 586
4709 5944
4710 4126
4711 8503
4712 658
4713 6951
4714 689
4715 5511
4716 4676
4717 4997
4718 5128
4719 6634
4720 4719
4721 3684
4722 8078
4723 4862
4724 6544
4725 2513
4726 8092
4727 8314
4728 2092
4729 6988
4730 8726
4731 7504
4732 1876
4733 5598
4734 4850
4735 7833
4736 749
4737 454
4738 1074
4739 6565
4740 1071
4741 6631
4742 8353
4743 5140
4744 3667
4745 4601
4746 7719
4747 3017
4748 933
4749 3303
4750 9178
4751 778
4752 4252
4753 2710
4754 4887
4755 6225
4756 8864
4757 4946
4758 584
4759 3675
4760 106
4761 9117
4762 507
4763 3843
4764 9117
4765 1361
4766 5768
4767 5496
4768 1070
4769 444
4770 7018
4771 7285
4772 1938
4773 1698
4774 7233
4775 4470
4776 6105
4777 5725
4778 7942
4779 4170
4780 1998
4781 6599
4782 4687
4783 8119
4784 8517
4785 5046
4786 3928
4787 6506
4788 7483
4789 2836
4790 1760
4791 4119
4792 3699
4793 7441
4794 7506
4795 3022
4796 5536
4797 1950
4798 2413
4799 4800
4800 4043
4801 5539
4802 3643
4803 1573
4804 1684
4805 6343
4806 4808
4807 53
4808 8774
4809 3336
4810 5107
4811 3254
4812 5784
4813 4302
4814 2443
4815 7108
4816 5959
4817 7726
4818 8269
4819 4601
4820 2232
4821 6481
4822 1871
4823 2491
4824 1877
4825 888
4826 1447
4827 87
4828 6280
4829 4330
4830 1809
4831 5067
4832 1456
4833 3655
4834 4211
4835 640
4836 332
4837 7008
4838 6012
4839 139
4840 4005
4841 7382
4842 1464
4843 1212
4844 647
4845 3643
4846 1569
4847 4848
4848 4847
4849 5365
4850 4734
4851 4440
4852 93
4853 1931
4854 1002
4855 8994
4856 3990
4857 6502
4858 5015
4859 1259
4860 6288
4861 3274
4862 1613
4863 4556
4864 955
4865 4320
4866 8323
4867 8163
4868 1014
4869 5945
4870 2839
4871 253
4872 879
4873 2806
4874 719
4875 3234
4876 6399
4877 270
4878 5422
4879 1400
4880 7580
4881 7197
4882 3847
4883 1618
4884 516
4885 5757
4886 4373
4887 4754
4888 9173
4889 2896
4890 3845
4891 2478
4892 6923
4893 4712
4894 3970
4895 6104
4896 5816
4897 930
4898 8704
4899 569
4900 9159
4901 6521
4902 7647
4903 917
4904 3594
4905 6
4906 8330
4907 6214
4908 7036
4909 9241
4910 45
4911 7622
4912 1747
4913 7181
4914 3803
4915 8536
4916 6227
4917 4492
4918 2759
4919 2985
4920 166
4921 3297
4922 7382
4923 6892
4924 7405
4925 1778
4926 1789
4927 1847
4928 1130
4929 767
4930 5030
4931 1838
4932 6685
4933 8924
4934 9189
4935 824
4936 5080
4937 8503
4938 6582
4939 4228
4940 7159
4941 6332
4942 3991
4943 4631
4944 5318
4945 6184
4946 4757
4947 8031
4948 6693
4949 5752
4950 5109
4951 3466
4952 6698
4953 4578
4954 3197
4955 4196
4956 9142
4957 2369
4958 547
4959 1118
4960 6479
4961 580
4962 4216
4963 4902
4964 6778
4965 1079
4966 1403
4967 5298
4968 991
4969 2152
4970 4512
4971 5090
4972 4971
4973 2687
4974 3382
4975 6999
4976 3082
4977 1528
4978 6019
4979 4355
4980 292
4981 8900
4982 4494
4983 2383
4984 5951
4985 8858
4986 3284
4987 9137
4988 6272
4989 4192
4990 371
4991 1859
4992 8576
4993 991
4994 2096
4995 5597
4996 5770
4997 4717
4998 5628
4999 3410
5000 6377
5001 4408
5002 8251
5003 7130
5004 5561
5005 1452
5006 344
5007 3453
5008 3712
5009 3698
5010 1494
5011 8908
5012 2347
5013 5923
5014 4339
5015 888
5016 7182
5017 1454
5018 2521
5019 837
5020 5809
5021 5022
5022 499
5023 3292
5024 6526
5025 5602
5026 6671
5027 1769
5028 7743
5029 4296
5030 7926
5031 5033
5032 861
5033 6879
5034 520
5035 4132
5036 8345
5037 507
5038 1582
5039 582
5040 2146
5041 3860
5042 2695
5043 1999
5044 6796
5045 7119
5046 8889
5047 4508
5048 1629
5049 176
5050 842
5051 1313
5052 3155
5053 7267
5054 4250
5055 3226
5056 8138
5057 9075
5058 606
5059 7527
5060 5772
5061 8600
5062 5284
5063 4896
5064 5065
5065 9218
5066 6993
5067 6598
5068 2543
5069 988
5070 5580
5071 632
5072 8220
5073 577
5074 6292
5075 4109
5076 7240
5077 5120
5078 8536
5079 9145
5080 4936
5081 1743
5082 4097
5083 2281
5084 7127
5085 228
5086 1800
5087 2135
5088 6345
5089 3928
5090 4352
5091 1582
5092 2918
5093 4591
5094 5420
5095 4125
5096 5282
5097 4340
5098 896
5099 4624
5100 979
5101 7241
5102 6003
5103 5408
5104 6727
5105 7723
5106 5598
5107 2415
5108 1209
5109 7158
5110 6363
5111 546
5112 1071
5113 689
5114 3681
5115 1775
5116 3936
5117 1399
5118 1066
5119 869
5120 7850
5121 4143
5122 1412
5123 7250
5124 1125
5125 1088
5126 34
5127 4083
5128 3068
5129 7670
5130 4246
5131 1221
5132 4157
5133 690
5134 7599
5135 5908
5136 1878
5137 6835
5138 7268
5139 5141
5140 4743
5141 5139
5142 3470
5143 1246
5144 5298
5145 9011
5146 8347
5147 5271
5148 7047
5149 8764
5150 7393
5151 26
5152 3969
5153 782
5154 7001
5155 7065
5156 4389
5157 1886
5158 9209
5159 7367
5160 8742
5161 9017
5162 8900
5163 681
5164 7900
5165 7730
5166 8254
5167 2402
5168 8901
5169 1245
5170 4538
5171 6464
5172 669
5173 5215
5174 2583
5175 2298
5176 2739
5177 5478
5178 5030
5179 9130
5180 328
5181 8698
5182 6545
5183 7791
5184 3863
5185 4002
5186 5486
5187 4042
5188 7334
5189 415
5190 813
5191 8352
5192 3318
5193 8352
5194 6257
5195 7204
5196 2044
5197 2078
5198 4267
5199 1113
5200 5378
5201 1819
5202 6311
5203 9171
5204 6808
5205 1201
5206 1055
5207 7902
5208 3296
5209 4359
5210 7887
5211 5212
5212 5211
5213 3773
5214 3611
5215 5723
5216 3080
5217 8702
5218 5244
5219 8969
5220 3741
5221 9100
5222 7772
5223 7780
5224 2593
5225 6277
5226 697
5227 4211
5228 1645
5229 586
5230 7951
5231 1972
5232 2790
5233 6508
5234 661
5235 4424
5236 1024
5237 5978
5238 508
5239 8687
5240 4565
5241 3760
5242 2184
5243 4675
5244 8617
5245 7122
5246 2026
5247 8824
5248 750
5249 2304
5250 936
5251 936
5252 7474
5253 1850
5254 8791
5255 5360
5256 8063
5257 6297
5258 420
5259 1139
5260 726
5261 4219
5262 3922
5263 8224
5264 3711
5265 8024
5266 3498
5267 6476
5268 4116
5269 2810
5270 1847
5271 5147
5272 1992
5273 12
5274 4648
5275 4341
5276 3505
5277 6495
5278 3802
5279 1109
5280 3472
5281 6288
5282 2680
5283 7626
5284 7461
5285 2265
5286 4323
5287 522
5288 383
5289 5528
5290 7641
5291 2816
5292 2045
5293 4143
5294 5004
5295 5293
5296 5615
5297 2741
5298 6330
5299 5141
5300 884
5301 4680
5302 1494
5303 995
5304 7116
5305 1768
5306 1747
5307 2476
5308 5309
5309 5311
5310 3750
5311 5309
5312 1415
5313 2331
5314 2617
5315 3871
5316 714
5317 4665
5318 4944
5319 5159
5320 1554
5321 192
5322 2791
5323 4197
5324 2951
5325 8368
5326 8220
5327 799
5328 281
5329 1582
5330 8786
5331 6795
5332 5925
5333 5927
5334 8004
5335 6901
5336 2261
5337 4824
5338 8662
5339 7987
5340 1213
5341 1209
5342 4870
5343 7202
5344 1022
5345 5424
5346 4828
5347 1209
5348 7127
5349 8546
5350 8127
5351 5334
5352 1521
5353 1052
5354 1692
5355 8548
5356 7589
5357 5514
5358 385
5359 1828
5360 6807
5361 8987
5362 7287
5363 3742
5364 5436
5365 7680
5366 3626
5367 7693
5368 3953
5369 6898
5370 8731
5371 2193
5372 6274
5373 5372
5374 265
5375 1639
5376 1244
5377 7272
5378 546
5379 4344
5380 2371
5381 444
5382 4455
5383 7394
5384 3130
5385 729
5386 3493
5387 4888
5388 1501
5389 4643
5390 5391
5391 5390
5392 6001
5393 7183
5394 1061
5395 3196
5396 656
5397 5284
5398 4734
5399 469
5400 739
5401 2897
5402 1573
5403 7136
5404 1462
5405 6893
5406 1894
5407 3599
5408 5103
5409 5880
5410 2783
5411 387
5412 2953
5413 8119
5414 8199
5415 4417
5416 8188
5417 8253
5418 3664
5419 3583
5420 8902
5421 3166
5422 4878
5423 3655
5424 5345
5425 5424
5426 7095
5427 2936
5428 514
5429 9189
5430 7844
5431 3035
5432 8025
5433 1629
5434 3800
5435 7896
5436 5364
5437 6669
5438 4869
5439 7498
5440 1939
5441 6412
5442 7777
5443 7215
5444 9269
5445 2229
5446 7850
5447 8580
5448 4151
5449 3031
5450 1441
5451 3828
5452 6098
5453 5571
5454 4833
5455 5797
5456 2958
5457 2389
5458 7071
5459 6724
5460 8479
5461 4222
5462 1272
5463 4364
5464 1604
5465 2021
5466 2741
5467 3753
5468 1571
5469 1107
5470 6821
5471 8327
5472 2972
5473 572
5474 8159
5475 1496
5476 3851
5477 2619
5478 532
5479 2179
5480 7609
5481 3873
5482 4715
5483 5943
5484 6234
5485 2351
5486 5186
5487 4348
5488 5312
5489 859
5490 8692
5491 2080
5492 1539
5493 2928
5494 8820
5495 1220
5496 4767
5497 7051
5498 4493
5499 8359
5500 8767
5501 3476
5502 6014
5503 4709
5504 800
5505 6250
5506 8957
5507 7193
5508 7129
5509 3359
5510 2586
5511 4715
5512 5511
5513 3664
5514 5219
5515 961
5516 6304
5517 170
5518 2703
5519 6139
5520 6041
5521 1309
5522 2319
5523 3885
5524 3883
5525 6652
5526 3886
5527 5798
5528 5289
5529 3874
5530 6232
5531 8843
5532 6955
5533 4984
5534 2708
5535 2962
5536 1912
5537 4744
5538 2150
5539 6321
5540 4616
5541 3312
5542 9129
5543 8540
5544 2653
5545 7505
5546 865
5547 1956
5548 3760
5549 4811
5550 703
5551 2069
5552 4280
5553 9043
5554 3919
5555 5660
5556 5559
5557 7201
5558 698
5559 5556
5560 4570
5561 5004
5562 3459
5563 700
5564 4459
5565 6657
5566 3706
5567 9138
5568 6581
5569 7143
5570 8308
5571 5453
5572 8405
5573 6367
5574 5453
5575 4016
5576 3465
5577 4786
5578 7046
5579 4577
5580 8066
5581 502
5582 7824
5583 8957
5584 2368
5585 622
5586 7918
5587 2752
5588 5589
5589 5588
5590 5588
5591 1425
5592 7940
5593 5189
5594 8537
5595 4227
5596 1430
5597 7458
5598 4733
5599 6265
5600 2131
5601 2200
5602 1034
5603 5312
5604 2981
5605 5311
5606 1503
5607 1591
5608 8025
5609 6111
5610 8019
5611 3469
5612 579
5613 5736
5614 7510
5615 5296
5616 7296
5617 163
5618 7831
5619 557
5620 8660
5621 8990
5622 7074
5623 3089
5624 1485
5625 2654
5626 4457
5627 3929
5628 4998
5629 2263
5630 6824
5631 247
5632 2912
5633 6749
5634 3415
5635 7309
5636 640
5637 5632
5638 8693
5639 5850
5640 7409
5641 7967
5642 3749
5643 5924
5644 1169
5645 1975
5646 403
5647 731
5648 1302
5649 5650
5650 5649
5651 7065
5652 6770
5653 4484
5654 3818
5655 537
5656 8211
5657 5466
5658 2869
5659 7996
5660 5555
5661 33
5662 6952
5663 4273
5664 2348
5665 8678
5666 3562
5667 3057
5668 8081
5669 8761
5670 5613
5671 4051
5672 8799
5673 3197
5674 1930
5675 7123
5676 5758
5677 1408
5678 5163
5679 5506
5680 5678
5681 3613
5682 9245
5683 6218
5684 4858
5685 3829
5686 5369
5687 1730
5688 181
5689 1913
5690 6481
5691 6683
5692 4763
5693 6039
5694 3851
5695 1177
5696 1501
5697 4761
5698 1453
5699 6922
5700 4862
5701 6245
5702 6341
5703 3960
5704 5974
5705 9141
5706 9089
5707 8981
5708 7102
5709 1662
5710 6458
5711 5322
5712 1327
5713 4389
5714 7187
5715 117
5716 3923
5717 8156
5718 5902
5719 8160
5720 8979
5721 3078
5722 7563
5723 5215
5724 6571
5725 972
5726 3342
5727 5162
5728 6055
5729 351
5730 6847
5731 2013
5732 344
5733 8382
5734 3883
5735 8795
5736 6554
5737 4385
5738 8866
5739 8817
5740 2202
5741 5742
5742 5741
5743 3329
5744 2451
5745 963
5746 2478
5747 1738
5748 7215
5749 5748
5750 7214
5751 7065
5752 3067
5753 4202
5754 5879
5755 2270
5756 970
5757 4885
5758 1697
5759 892
5760 6249
5761 850
5762 4861
5763 2776
5764 1667
5765 1399
5766 4148
5767 5550
5768 1778
5769 4040
5770 3698
5771 1207
5772 5060
5773 5774
5774 1502
5775 3231
5776 4140
5777 3969
5778 7504
5779 887
5780 3813
5781 7911
5782 884
5783 3106
5784 3539
5785 3499
5786 4596
5787 2838
5788 4410
5789 6997
5790 5780
5791 3493
5792 4162
5793 5799
5794 3687
5795 6635
5796 4741
5797 6683
5798 5527
5799 2416
5800 2061
5801 4628
5802 4743
5803 1400
5804 7947
5805 3346
5806 3107
5807 3981
5808 178
5809 5020
5810 8208
5811 1633
5812 8858
5813 2553
5814 5395
5815 5025
5816 472
5817 6030
5818 6359
5819 220
5820 5386
5821 1538
5822 6055
5823 7300
5824 6908
5825 2289
5826 5409
5827 575
5828 1566
5829 948
5830 3799
5831 2015
5832 349
5833 5499
5834 4530
5835 1613
5836 9097
5837 7603
5838 6301
5839 4478
5840 4116
5841 4322
5842 4459
5843 7627
5844 4520
5845 273
5846 6628
5847 7523
5848 6106
5849 5492
5850 4438
5851 6432
5852 1671
5853 8938
5854 2432
5855 9006
5856 1974
5857 3473
5858 8823
5859 4309
5860 63
5861 5284
5862 5598
5863 6027
5864 6946
5865 735
5866 2929
5867 5876
5868 4122
5869 8057
5870 3654
5871 6473
5872 4723
5873 2849
5874 2441
5875 183
5876 5867
5877 2731
5878 3819
5879 5754
5880 4484
5881 9131
5882 7534
5883 1567
5884 7776
5885 6377
5886 916
5887 4869
5888 1470
5889 5984
5890 6700
5891 7014
5892 4119
5893 9018
5894 4112
5895 2611
5896 4080
5897 8088
5898 7672
5899 3314
5900 3640
5901 8499
5902 1799
5903 3190
5904 2718
5905 7898
5906 3115
5907 6966
5908 5135
5909 7849
5910 3406
5911 8074
5912 8126
5913 2761
5914 6748
5915 7970
5916 6495
5917 4414
5918 2706
5919 1150
5920 3086
5921 5924
5922 953
5923 2512
5924 2133
5925 8852
5926 862
5927 5333
5928 227
5929 8582
5930 30
5931 6994
5932 2774
5933 2677
5934 7462
5935 4400
5936 9278
5937 5611
5938 4431
5939 2045
5940 5626
5941 2669
5942 3045
5943 5483
5944 1594
5945 4869
5946 7276
5947 8858
5948 4638
5949 6331
5950 4170
5951 5958
5952 4136
5953 2295
5954 6796
5955 2000
5956 671
5957 2129
5958 5951
5959 3445
5960 3805
5961 976
5962 633
5963 8790
5964 60
5965 4204
5966 1871
5967 6056
5968 1145
5969 3479
5970 605
5971 1871
5972 6378
5973 8601
5974 5457
5975 6962
5976 618
5977 9127
5978 8476
5979 3302
5980 557
5981 4969
5982 813
5983 9264
5984 951
5985 7871
5986 5985
5987 8108
5988 9278
5989 8614
5990 2437
5991 1784
5992 3316
5993 5994
5994 5993
5995 8095
5996 1014
5997 2112
5998 6067
5999 4417
6000 522
6001 3860
6002 3837
6003 5102
6004 9049
6005 7896
6006 7533
6007 2951
6008 2951
6009 7636
6010 2290
6011 6009
6012 7674
6013 3678
6014 8806
6015 6980
6016 8789
6017 5033
6018 6019
6019 6020
6020 6019
6021 6400
6022 866
6023 4899
6024 1455
6025 746
6026 1482
6027 6028
6028 6027
6029 6028
6030 5817
6031 5601
6032 1475
6033 4930
6034 5033
6035 3088
6036 4442
6037 8234
6038 6039
6039 6038
6040 2739
6041 5520
6042 6047
6043 6047
6044 9133
6045 654
6046 9197
6047 6042
6048 1738
6049 3918
6050 5916
6051 8845
6052 6967
6053 2594
6054 1313
6055 5728
6056 3022
6057 3835
6058 558
6059 39
6060 2947
6061 3912
6062 6063
6063 6062
6064 5204
6065 1096
6066 1471
6067 7136
6068 880
6069 6302
6070 2839
6071 7705
6072 6828
6073 2140
6074 1004
6075 4795
6076 4441
6077 6075
6078 5446
6079 5769
6080 1327
6081 7081
6082 1562
6083 7466
6084 8728
6085 7685
6086 4230
6087 5978
6088 884
6089 3361
6090 7120
6091 3757
6092 8568
6093 7166
6094 1193
6095 4721
6096 8839
6097 6661
6098 2216
6099 7851
6100 263
6101 8792
6102 759
6103 7521
6104 5591
6105 333
6106 9154
6107 7999
6108 8989
6109 4413
6110 1407
6111 5609
6112 7624
6113 1623
6114 321
6115 2543
6116 1641
6117 764
6118 694
6119 6975
6120 6121
6121 4417
6122 9176
6123 8694
6124 6340
6125 6126
6126 6125
6127 321
6128 7914
6129 1766
6130 1475
6131 4050
6132 6675
6133 8755
6134 4039
6135 5483
6136 741
6137 8865
6138 4244
6139 4039
6140 5568
6141 7171
6142 7647
6143 3627
6144 7091
6145 7869
6146 2153
6147 4432
6148 6149
6149 3165
6150 4468
6151 8194
6152 170
6153 110
6154 2807
6155 5733
6156 6137
6157 2920
6158 4549
6159 4550
6160 7619
6161 6741
6162 2884
6163 4556
6164 192
6165 821
6166 6676
6167 2928
6168 1486
6169 5205
6170 6084
6171 2956
6172 3928
6173 3363
6174 877
6175 5934
6176 8118
6177 2911
6178 874
6179 877
6180 5415
6181 5923
6182 9206
6183 2457
6184 4882
6185 7723
6186 6187
6187 6186
6188 5618
6189 7971
6190 4006
6191 7848
6192 5458
6193 8665
6194 3852
6195 7311
6196 8364
6197 7891
6198 1753
6199 1551
6200 984
6201 7084
6202 1569
6203 2958
6204 2367
6205 2476
6206 6205
6207 1057
6208 6688
6209 547
6210 6018
6211 952
6212 8077
6213 3594
6214 4578
6215 5423
6216 8909
6217 7478
6218 5683
6219 2076
6220 7439
6221 9119
6222 320
6223 7887
6224 3284
6225 7735
6226 6621
6227 4916
6228 6154
6229 4482
6230 6565
6231 632
6232 5530
6233 2348
6234 3407
6235 6496
6236 3443
6237 1754
6238 3173
6239 8737
6240 8858
6241 1584
6242 4802
6243 4324
6244 6994
6245 5701
6246 6247
6247 1628
6248 8241
6249 5760
6250 4070
6251 3748
6252 290
6253 4070
6254 1195
6255 1268
6256 3966
6257 9138
6258 4385
6259 6800
6260 219
6261 2339
6262 6250
6263 1402
6264 8106
6265 5599
6266 3844
6267 2581
6268 9276
6269 7157
6270 8021
6271 1979
6272 4988
6273 3916
6274 5372
6275 8750
6276 2227
6277 5225
6278 4510
6279 8981
6280 4828
6281 1311
6282 82
6283 6926
6284 625
6285 8274
6286 8583
6287 1709
6288 4860
6289 6680
6290 3750
6291 1538
6292 5074
6293 4489
6294 8949
6295 4906
6296 2423
6297 5257
6298 3865
6299 1131
6300 90
6301 4714
6302 6069
6303 1995
6304 1295
6305 6716
6306 7276
6307 8938
6308 1
6309 4477
6310 3513
6311 8997
6312 8987
6313 2949
6314 1581
6315 5488
6316 3564
6317 8133
6318 2744
6319 3020
6320 62
6321 5539
6322 2662
6323 7452
6324 4638
6325 6994
6326 991
6327 8493
6328 5894
6329 2168
6330 6560
6331 7462
6332 4941
6333 2850
6334 8464
6335 5606
6336 7496
6337 4786
6338 1407
6339 166
6340 5112
6341 5143
6342 3423
6343 4805
6344 3957
6345 1347
6346 7612
6347 4306
6348 6367
6349 7531
6350 9021
6351 3479
6352 2423
6353 5973
6354 3172
6355 2753
6356 3740
6357 1146
6358 8291
6359 5818
6360 6933
6361 2058
6362 2978
6363 5110
6364 840
6365 1787
6366 6586
6367 5573
6368 1441
6369 1979
6370 3391
6371 5916
6372 7731
6373 7168
6374 8421
6375 8842
6376 3260
6377 3397
6378 5972
6379 2190
6380 3903
6381 5789
6382 2212
6383 8175
6384 2243
6385 8705
6386 498
6387 6917
6388 7483
6389 4629
6390 1021
6391 6462
6392 8996
6393 1238
6394 3859
6395 6524
6396 9159
6397 4496
6398 6038
6399 4876
6400 2351
6401 5773
6402 6091
6403 7103
6404 7127
6405 4023
6406 1679
6407 77
6408 4578
6409 6532
6410 3167
6411 1986
6412 4721
6413 2970
6414 4158
6415 4552
6416 3584
6417 3179
6418 7207
6419 4271
6420 707
6421 1519
6422 6404
6423 6516
6424 3305
6425 3672
6426 4552
6427 325
6428 3070
6429 5958
6430 6664
6431 7594
6432 5851
6433 3222
6434 5710
6435 3002
6436 1469
6437 1114
6438 8764
6439 6506
6440 2518
6441 8768
6442 9081
6443 2302
6444 4362
6445 7837
6446 3949
6447 9035
6448 864
6449 3243
6450 6601
6451 7235
6452 6619
6453 7922
6454 3708
6455 8946
6456 5320
6457 4362
6458 1031
6459 6625
6460 86
6461 8791
6462 2625
6463 3898
6464 5171
6465 6908
6466 6089
6467 5613
6468 8227
6469 470
6470 7098
6471 6839
6472 2345
6473 5871
6474 2302
6475 6990
6476 5267
6477 7869
6478 7021
6479 4960
6480 2639
6481 4821
6482 2548
6483 193
6484 1189
6485 3152
6486 1238
6487 817
6488 327
6489 1548
6490 1117
6491 707
6492 6679
6493 6569
6494 8278
6495 1119
6496 6235
6497 3924
6498 8487
6499 160
6500 7894
6501 6672
6502 7238
6503 5681
6504 5401
6505 2774
6506 3977
6507 1042
6508 4158
6509 6341
6510 1705
6511 7338
6512 1530
6513 8817
6514 7481
6515 7975
6516 881
6517 204
6518 3483
6519 755
6520 2244
6521 4901
6522 3455
6523 329
6524 6395
6525 3502
6526 5024
6527 2579
6528 4717
6529 3823
6530 2926
6531 6525
6532 4487
6533 2924
6534 1900
6535 2815
6536 3002
6537 7381
6538 641
6539 1978
6540 1031
6541 4828
6542 8675
6543 7839
6544 1634
6545 5182
6546 2830
6547 1583
6548 4719
6549 593
6550 2573
6551 6656
6552 9118
6553 6952
6554 5736
6555 8643
6556 659
6557 1409
6558 1561
6559 1606
6560 4068
6561 4255
6562 1177
6563 1560
6564 2021
6565 6230
6566 3968
6567 6780
6568 2368
6569 1016
6570 2981
6571 5724
6572 7373
6573 1993
6574 1529
6575 812
6576 725
6577 1952
6578 6038
6579 1903
6580 8829
6581 2411
6582 6744
6583 947
6584 6947
6585 6614
6586 7589
6587 6287
6588 327
6589 617
6590 7191
6591 1801
6592 8778
6593 8839
6594 4145
6595 5509
6596 4885
6597 1113
6598 5067
6599 2276
6600 1374
6601 1231
6602 309
6603 6138
6604 4121
6605 5062
6606 7046
6607 8903
6608 5418
6609 755
6610 5979
6611 7962
6612 2474
6613 7214
6614 5674
6615 6502
6616 89
6617 7089
6618 4647
6619 6452
6620 569
6621 6965
6622 8076
6623 2659
6624 5481
6625 1617
6626 6668
6627 8898
6628 7975
6629 4310
6630 8879
6631 8521
6632 6634
6633 7606
6634 6632
6635 4968
6636 5046
6637 4914
6638 6066
6639 6344
6640 6736
6641 8516
6642 1564
6643 6644
6644 6643
6645 4228
6646 7079
6647 2524
6648 2881
6649 6976
6650 7550
6651 3492
6652 4285
6653 179
6654 1647
6655 2268
6656 1166
6657 5565
6658 4331
6659 8694
6660 191
6661 6097
6662 8592
6663 2542
6664 7635
6665 2519
6666 953
6667 6389
6668 6536
6669 3002
6670 5605
6671 5026
6672 6501
6673 5785
6674 7153
6675 2598
6676 5681
6677 8303
6678 6679
6679 6492
6680 6289
6681 2919
6682 3383
6683 254
6684 2504
6685 4932
6686 3139
6687 207
6688 6208
6689 4084
6690 2085
6691 7498
6692 1859
6693 7992
6694 7285
6695 679
6696 7823
6697 2810
6698 7479
6699 353
6700 6992
6701 3238
6702 247
6703 1085
6704 5406
6705 1040
6706 4183
6707 6710
6708 4454
6709 8848
6710 9218
6711 7098
6712 143
6713 5218
6714 5055
6715 8138
6716 3013
6717 6901
6718 9277
6719 9277
6720 2533
6721 6722
6722 8899
6723 5062
6724 5071
6725 1609
6726 6557
6727 8160
6728 7390
6729 4525
6730 9060
6731 3440
6732 5643
6733 2168
6734 1485
6735 725
6736 6644
6737 632
6738 2047
6739 373
6740 6741
6741 6161
6742 5644
6743 5644
6744 6209
6745 4459
6746 147
6747 1201
6748 5914
6749 5633
6750 7187
6751 7513
6752 3357
6753 4539
6754 3414
6755 5155
6756 8506
6757 1988
6758 6759
6759 3
6760 3637
6761 5809
6762 8219
6763 7385
6764 739
6765 675
6766 1014
6767 2444
6768 7125
6769 115
6770 1550
6771 2015
6772 8614
6773 9176
6774 8264
6775 4806
6776 7666
6777 4493
6778 3626
6779 1259
6780 6567
6781 3874
6782 1692
6783 7315
6784 6185
6785 2879
6786 6086
6787 5446
6788 4646
6789 6815
6790 158
6791 298
6792 1563
6793 379
6794 8311
6795 4152
6796 5044
6797 1012
6798 6049
6799 677
6800 5456
6801 3923
6802 2171
6803 1334
6804 7466
6805 1999
6806 6161
6807 884
6808 6500
6809 4250
6810 8031
6811 8980
6812 1191
6813 1957
6814 4
6815 6019
6816 8224
6817 8367
6818 1566
6819 2384
6820 3756
6821 1595
6822 6170
6823 7609
6824 5630
6825 471
6826 7611
6827 2397
6828 6072
6829 2836
6830 3716
6831 492
6832 6583
6833 5534
6834 12
6835 7333
6836 6181
6837 2627
6838 8112
6839 6471
6840 3582
6841 2961
6842 6843
6843 6842
6844 1597
6845 3653
6846 745
6847 5730
6848 8111
6849 829
6850 8159
6851 7871
6852 9048
6853 2437
6854 6724
6855 2401
6856 5453
6857 2351
6858 898
6859 5624
6860 4504
6861 1816
6862 2357
6863 4370
6864 6757
6865 6141
6866 772
6867 5615
6868 693
6869 8657
6870 7934
6871 6149
6872 5246
6873 2803
6874 2401
6875 7386
6876 974
6877 5407
6878 8733
6879 8704
6880 9134
6881 4304
6882 7671
6883 4219
6884 412
6885 5867
6886 774
6887 6080
6888 6771
6889 6890
6890 6889
6891 4459
6892 639
6893 333
6894 1587
6895 8373
6896 563
6897 5250
6898 5369
6899 5504
6900 3861
6901 6717
6902 8562
6903 6151
6904 2273
6905 4438
6906 4373
6907 1041
6908 1528
6909 874
6910 9038
6911 4190
6912 8013
6913 8899
6914 7791
6915 8056
6916 4525
6917 6387
6918 3454
6919 1495
6920 5673
6921 5966
6922 5875
6923 2519
6924 8976
6925 8236
6926 6283
6927 6484
6928 865
6929 5913
6930 9257
6931 4489
6932 1907
6933 6360
6934 5583
6935 1692
6936 2632
6937 7623
6938 6943
6939 3956
6940 2446
6941 7067
6942 7015
6943 465
6944 4426
6945 1251
6946 2071
6947 6584
6948 4013
6949 9138
6950 1630
6951 3887
6952 6553
6953 7441
6954 7982
6955 1534
6956 5487
6957 8512
6958 5796
6959 210
6960 3772
6961 8817
6962 5975
6963 6287
6964 1718
6965 6621
6966 7461
6967 8782
6968 1192
6969 715
6970 1159
6971 45
6972 8494
6973 7173
6974 7133
6975 8153
6976 6649
6977 974
6978 7842
6979 6588
6980 6015
6981 8045
6982 7523
6983 1930
6984 6951
6985 7063
6986 2861
6987 3310
6988 2039
6989 4149
6990 3317
6991 213
6992 1187
6993 644
6994 6645
6995 6579
6996 7745
6997 5789
6998 4420
6999 5076
7000 4921
7001 9277
7002 7493
7003 7364
7004 1336
7005 865
7006 9033
7007 5245
7008 4837
7009 6714
7010 1751
7011 3171
7012 3420
7013 7610
7014 5891
7015 3763
7016 1697
7017 1276
7018 7537
7019 5552
7020 5925
7021 697
7022 3874
7023 8954
7024 8055
7025 571
7026 7696
7027 1598
7028 6550
7029 619
7030 1508
7031 4661
7032 8255
7033 8766
7034 1087
7035 680
7036 5273
7037 7797
7038 7278
7039 1904
7040 1610
7041 8206
7042 8211
7043 6561
7044 9189
7045 541
7046 3132
7047 5148
7048 2367
7049 2447
7050 8088
7051 5666
7052 5798
7053 5809
7054 6400
7055 5917
7056 4550
7057 2921
7058 104
7059 3962
7060 8746
7061 8484
7062 580
7063 6985
7064 7322
7065 5751
7066 6709
7067 2216
7068 1378
7069 4619
7070 8465
7071 1649
7072 2580
7073 8365
7074 5622
7075 7068
7076 9137
7077 8475
7078 7683
7079 1122
7080 7081
7081 5372
7082 7081
7083 2163
7084 883
7085 5326
7086 7087
7087 1628
7088 8091
7089 6617
7090 2858
7091 6144
7092 8253
7093 8982
7094 1320
7095 9203
7096 8741
7097 7379
7098 6470
7099 8900
7100 8278
7101 4223
7102 3838
7103 6337
7104 9016
7105 6696
7106 2392
7107 313
7108 1878
7109 2096
7110 4704
7111 7113
7112 2158
7113 7111
7114 1603
7115 4993
7116 5304
7117 5717
7118 6105
7119 1484
7120 4196
7121 5304
7122 5245
7123 8704
7124 1746
7125 6768
7126 5172
7127 6404
7128 2941
7129 3963
7130 5003
7131 4438
7132 1009
7133 6596
7134 7965
7135 6627
7136 3966
7137 256
7138 8002
7139 1664
7140 2858
7141 1629
7142 3852
7143 5569
7144 268
7145 660
7146 2373
7147 2905
7148 7481
7149 6198
7150 8203
7151 5435
7152 4088
7153 6674
7154 2551
7155 2897
7156 92
7157 267
7158 5109
7159 4940
7160 696
7161 6652
7162 4556
7163 8509
7164 9258
7165 386
7166 6093
7167 8388
7168 2386
7169 9206
7170 2431
7171 3088
7172 2509
7173 8521
7174 7175
7175 7174
7176 3268
7177 7645
7178 8657
7179 7580
7180 7995
7181 4913
7182 1604
7183 7706
7184 8977
7185 7369
7186 2991
7187 5714
7188 8734
7189 4486
7190 6966
7191 8293
7192 8507
7193 5507
7194 3141
7195 1811
7196 9021
7197 8667
7198 5082
7199 892
7200 5389
7201 9140
7202 8456
7203 3320
7204 5195
7205 5001
7206 8364
7207 6418
7208 1152
7209 7855
7210 7415
7211 2244
7212 5009
7213 9284
7214 2379
7215 3343
7216 9284
7217 9285
7218 1674
7219 8134
7220 8926
7221 7237
7222 1508
7223 7322
7224 5092
7225 3350
7226 7386
7227 3666
7228 2205
7229 1541
7230 3345
7231 2754
7232 3893
7233 7134
7234 7538
7235 1937
7236 4689
7237 3966
7238 6502
7239 5638
7240 5076
7241 2964
7242 9078
7243 4191
7244 2422
7245 6336
7246 1451
7247 5811
7248 1237
7249 9176
7250 5123
7251 1068
7252 8725
7253 9031
7254 548
7255 8773
7256 5672
7257 7258
7258 7891
7259 9128
7260 6799
7261 1014
7262 7223
7263 5367
7264 4860
7265 3062
7266 7269
7267 3012
7268 5641
7269 7266
7270 8864
7271 4868
7272 5377
7273 5596
7274 7386
7275 3527
7276 5946
7277 7276
7278 1508
7279 998
7280 7288
7281 1332
7282 5441
7283 1975
7284 6852
7285 1182
7286 9100
7287 5362
7288 8362
7289 5992
7290 7215
7291 3710
7292 5197
7293 1475
7294 7292
7295 6243
7296 865
7297 372
7298 1635
7299 987
7300 3690
7301 3257
7302 7238
7303 3943
7304 5650
7305 6295
7306 7671
7307 8654
7308 5556
7309 5635
7310 2181
7311 6195
7312 6195
7313 7828
7314 2637
7315 6783
7316 3693
7317 7188
7318 7246
7319 2909
7320 5033
7321 2346
7322 7223
7323 8341
7324 134
7325 5761
7326 2594
7327 3118
7328 1960
7329 5174
7330 8790
7331 8421
7332 5245
7333 8510
7334 1635
7335 2098
7336 9130
7337 8862
7338 6511
7339 7673
7340 1694
7341 8055
7342 6007
7343 8015
7344 4297
7345 6842
7346 4469
7347 8667
7348 3049
7349 7008
7350 333
7351 5478
7352 3315
7353 3170
7354 6934
7355 7175
7356 4969
7357 3028
7358 1394
7359 4038
7360 1504
7361 8372
7362 7722
7363 2591
7364 7003
7365 7382
7366 3512
7367 5159
7368 762
7369 2890
7370 503
7371 8894
7372 7060
7373 4178
7374 8781
7375 1474
7376 1806
7377 7831
7378 2237
7379 7097
7380 2932
7381 8222
7382 7365
7383 1720
7384 5146
7385 6763
7386 6875
7387 2537
7388 7188
7389 1153
7390 6728
7391 4048
7392 3617
7393 5150
7394 5383
7395 3745
7396 3543
7397 4402
7398 2781
7399 6525
7400 5008
7401 4255
7402 6412
7403 7404
7404 7403
7405 2412
7406 207
7407 9264
7408 7409
7409 7408
7410 2448
7411 4479
7412 5324
7413 2999
7414 5365
7415 7210
7416 100
7417 3613
7418 3002
7419 258
7420 8657
7421 2939
7422 6123
7423 4271
7424 3720
7425 6128
7426 2447
7427 1959
7428 5049
7429 2524
7430 2992
7431 2795
7432 1127
7433 1023
7434 7435
7435 7434
7436 3087
7437 3216
7438 872
7439 5103
7440 9078
7441 6953
7442 7443
7443 7442
7444 1199
7445 4173
7446 2171
7447 9235
7448 3285
7449 6441
7450 4542
7451 3571
7452 3054
7453 4961
7454 1584
7455 7448
7456 7108
7457 514
7458 5597
7459 6019
7460 1475
7461 6966
7462 3847
7463 7837
7464 1564
7465 3163
7466 6083
7467 2618
7468 6973
7469 6683
7470 3917
7471 9035
7472 7254
7473 2636
7474 7096
7475 2145
7476 4505
7477 5864
7478 9166
7479 1458
7480 1596
7481 7148
7482 3715
7483 6388
7484 8040
7485 3307
7486 4138
7487 2441
7488 7949
7489 3402
7490 455
7491 2866
7492 2870
7493 2303
7494 7496
7495 3599
7496 7494
7497 7850
7498 7747
7499 1306
7500 2178
7501 9186
7502 7263
7503 925
7504 8827
7505 8763
7506 489
7507 56
7508 1218
7509 7929
7510 5614
7511 3385
7512 3690
7513 5932
7514 5759
7515 9010
7516 121
7517 246
7518 1622
7519 443
7520 2076
7521 7522
7522 7521
7523 6982
7524 315
7525 2813
7526 7758
7527 8218
7528 1145
7529 3688
7530 7614
7531 6349
7532 4009
7533 6006
7534 5882
7535 2820
7536 1493
7537 7538
7538 4536
7539 7534
7540 3545
7541 1486
7542 7873
7543 7861
7544 4736
7545 6024
7546 6133
7547 3291
7548 4661
7549 1199
7550 6650
7551 6004
7552 8478
7553 4307
7554 1715
7555 7819
7556 9025
7557 1998
7558 2619
7559 6453
7560 504
7561 8701
7562 3551
7563 471
7564 6876
7565 4953
7566 8321
7567 8718
7568 427
7569 427
7570 7800
7571 5317
7572 3657
7573 6894
7574 3243
7575 5450
7576 4758
7577 7798
7578 471
7579 9297
7580 2409
7581 2599
7582 1045
7583 536
7584 5151
7585 42
7586 1236
7587 7095
7588 7214
7589 4291
7590 536
7591 7592
7592 7591
7593 1616
7594 1363
7595 6697
7596 8497
7597 3860
7598 1671
7599 4699
7600 8045
7601 6182
7602 2382
7603 6960
7604 4444
7605 6233
7606 6633
7607 4818
7608 3953
7609 319
7610 389
7611 6594
7612 4170
7613 7620
7614 7530
7615 7188
7616 290
7617 5205
7618 8886
7619 1357
7620 7613
7621 3756
7622 4911
7623 9263
7624 9021
7625 1025
7626 509
7627 6416
7628 580
7629 3470
7630 5295
7631 3166
7632 4818
7633 3939
7634 9035
7635 6664
7636 6009
7637 6490
7638 1825
7639 233
7640 3876
7641 2957
7642 5080
7643 8403
7644 4932
7645 7177
7646 940
7647 1746
7648 580
7649 7777
7650 7285
7651 865
7652 3977
7653 9129
7654 4612
7655 2348
7656 7082
7657 7685
7658 222
7659 5800
7660 1251
7661 764
7662 2085
7663 1479
7664 4701
7665 5359
7666 3615
7667 3339
7668 8139
7669 4308
7670 7850
7671 4062
7672 5898
7673 2861
7674 6012
7675 840
7676 7976
7677 8693
7678 7873
7679 5732
7680 5365
7681 1214
7682 479
7683 7681
7684 2521
7685 6085
7686 6085
7687 6633
7688 6233
7689 1969
7690 955
7691 2769
7692 7157
7693 1444
7694 9043
7695 5884
7696 7026
7697 7698
7698 7697
7699 2328
7700 759
7701 7700
7702 7167
7703 7899
7704 9045
7705 6071
7706 7183
7707 957
7708 4850
7709 1585
7710 3126
7711 7893
7712 7699
7713 169
7714 484
7715 176
7716 4597
7717 333
7718 7872
7719 3719
7720 1212
7721 7959
7722 7362
7723 6185
7724 2540
7725 2275
7726 7189
7727 4779
7728 6414
7729 4537
7730 6026
7731 1896
7732 235
7733 6926
7734 489
7735 4336
7736 7916
7737 548
7738 9090
7739 6121
7740 9079
7741 7189
7742 7805
7743 5028
7744 6844
7745 2878
7746 9019
7747 7498
7748 1552
7749 2165
7750 6772
7751 1115
7752 7892
7753 7322
7754 2200
7755 3399
7756 4489
7757 2221
7758 7526
7759 7567
7760 8224
7761 362
7762 6540
7763 4772
7764 1105
7765 1795
7766 1756
7767 4536
7768 8132
7769 1621
7770 5919
7771 6318
7772 3662
7773 3019
7774 4700
7775 3712
7776 5884
7777 5442
7778 1148
7779 1303
7780 5223
7781 5498
7782 5490
7783 3910
7784 1545
7785 1125
7786 6169
7787 2336
7788 7790
7789 7790
7790 7789
7791 8326
7792 2336
7793 902
7794 3963
7795 1367
7796 4582
7797 7037
7798 7577
7799 3223
7800 4012
7801 8799
7802 8343
7803 813
7804 8973
7805 7742
7806 3017
7807 4949
7808 1296
7809 2386
7810 4761
7811 3684
7812 3623
7813 6285
7814 7095
7815 7368
7816 3822
7817 8296
7818 8297
7819 8298
7820 8299
7821 8300
7822 1943
7823 2942
7824 5582
7825 503
7826 1263
7827 3206
7828 612
7829 2437
7830 8549
7831 1540
7832 3400
7833 5062
7834 7982
7835 2357
7836 6891
7837 7463
7838 747
7839 4953
7840 3141
7841 8240
7842 6978
7843 6978
7844 5430
7845 7844
7846 227
7847 4204
7848 785
7849 6034
7850 3984
7851 1105
7852 7696
7853 2021
7854 2175
7855 502
7856 8003
7857 4361
7858 8857
7859 3057
7860 9019
7861 4042
7862 3404
7863 8837
7864 3505
7865 453
7866 7444
7867 6017
7868 5821
7869 6477
7870 2532
7871 5985
7872 1428
7873 7542
7874 6352
7875 9237
7876 1991
7877 5571
7878 8436
7879 4282
7880 1136
7881 6425
7882 3560
7883 3140
7884 6757
7885 6060
7886 1358
7887 658
7888 2460
7889 6058
7890 4139
7891 8757
7892 6008
7893 8753
7894 6500
7895 3118
7896 5435
7897 342
7898 5905
7899 9163
7900 1098
7901 8362
7902 8698
7903 7350
7904 7902
7905 5208
7906 3289
7907 2292
7908 2613
7909 2326
7910 1988
7911 7939
7912 7193
7913 6910
7914 6128
7915 7302
7916 2369
7917 1861
7918 5586
7919 8076
7920 79
7921 8370
7922 6453
7923 4693
7924 8052
7925 975
7926 3918
7927 3838
7928 4973
7929 2775
7930 1396
7931 8899
7932 4465
7933 7149
7934 6870
7935 7937
7936 6804
7937 7935
7938 5645
7939 7911
7940 8250
7941 1451
7942 7199
7943 3996
7944 7948
7945 7946
7946 7945
7947 7944
7948 339
7949 436
7950 682
7951 5230
7952 6844
7953 5223
7954 5072
7955 9225
7956 8110
7957 1233
7958 7243
7959 372
7960 955
7961 1010
7962 6611
7963 3883
7964 1712
7965 7134
7966 8444
7967 5641
7968 6172
7969 543
7970 4551
7971 6189
7972 1179
7973 3968
7974 4303
7975 8320
7976 7676
7977 8133
7978 1681
7979 4531
7980 1708
7981 1592
7982 6954
7983 8042
7984 3987
7985 3987
7986 3987
7987 1858
7988 3109
7989 7366
7990 2761
7991 4528
7992 6693
7993 8641
7994 2987
7995 1772
7996 5659
7997 2658
7998 4058
7999 6107
8000 1363
8001 1372
8002 9181
8003 1911
8004 3484
8005 3693
8006 6475
8007 1255
8008 2298
8009 5737
8010 283
8011 6301
8012 7871
8013 4558
8014 5509
8015 3184
8016 7499
8017 146
8018 8599
8019 5610
8020 3116
8021 6270
8022 1462
8023 676
8024 5265
8025 224
8026 7385
8027 1843
8028 7220
8029 180
8030 9286
8031 5084
8032 9281
8033 6509
8034 5571
8035 955
8036 3976
8037 8034
8038 8571
8039 2709
8040 7484
8041 2390
8042 7983
8043 8760
8044 4673
8045 7600
8046 1578
8047 958
8048 23
8049 5361
8050 632
8051 1247
8052 8881
8053 2433
8054 1520
8055 7024
8056 6694
8057 596
8058 5069
8059 2854
8060 8481
8061 973
8062 844
8063 5256
8064 9086
8065 7949
8066 5580
8067 3256
8068 2496
8069 7050
8070 4980
8071 3456
8072 4044
8073 1495
8074 1171
8075 4040
8076 1224
8077 6212
8078 6621
8079 6072
8080 154
8081 8163
8082 957
8083 8966
8084 8086
8085 339
8086 8084
8087 4408
8088 877
8089 8314
8090 8701
8091 7088
8092 8093
8093 8092
8094 8545
8095 4115
8096 3144
8097 6561
8098 4520
8099 1613
8100 3170
8101 3206
8102 5008
8103 7551
8104 8168
8105 1076
8106 6264
8107 2945
8108 5987
8109 8944
8110 7956
8111 6848
8112 6838
8113 2756
8114 9100
8115 85
8116 3926
8117 23
8118 6176
8119 3349
8120 4340
8121 8894
8122 6620
8123 8484
8124 9062
8125 5548
8126 4601
8127 8130
8128 811
8129 6088
8130 672
8131 208
8132 3492
8133 8770
8134 7219
8135 280
8136 4128
8137 2433
8138 5056
8139 1466
8140 7162
8141 6787
8142 1817
8143 497
8144 7102
8145 8511
8146 1795
8147 2366
8148 6051
8149 5542
8150 1546
8151 2737
8152 3155
8153 4756
8154 3986
8155 544
8156 6367
8157 4560
8158 619
8159 9110
8160 6727
8161 4519
8162 1261
8163 198
8164 5597
8165 3519
8166 6802
8167 8428
8168 8104
8169 7444
8170 1107
8171 6970
8172 1325
8173 110
8174 2049
8175 8321
8176 4090
8177 847
8178 7504
8179 1221
8180 1964
8181 3676
8182 3962
8183 9252
8184 844
8185 5629
8186 8069
8187 1182
8188 2746
8189 1475
8190 8055
8191 2817
8192 3814
8193 1576
8194 6151
8195 5167
8196 3010
8197 9219
8198 6996
8199 6318
8200 4361
8201 4888
8202 8203
8203 7150
8204 2232
8205 5959
8206 7041
8207 3762
8208 337
8209 3643
8210 1002
8211 6123
8212 338
8213 5941
8214 1903
8215 8917
8216 5503
8217 3424
8218 7527
8219 8417
8220 5326
8221 7250
8222 7381
8223 7310
8224 5263
8225 1410
8226 412
8227 6468
8228 1160
8229 2648
8230 6654
8231 3991
8232 9231
8233 5296
8234 6037
8235 935
8236 2062
8237 6556
8238 2755
8239 4544
8240 1677
8241 8734
8242 3553
8243 2243
8244 8193
8245 2400
8246 870
8247 8276
8248 6660
8249 5712
8250 7940
8251 4189
8252 8898
8253 8431
8254 9290
8255 4048
8256 2373
8257 1661
8258 8087
8259 6751
8260 7712
8261 2049
8262 5297
8263 1470
8264 550
8265 4473
8266 4195
8267 7154
8268 598
8269 4818
8270 5501
8271 8257
8272 7432
8273 4750
8274 6285
8275 7395
8276 2934
8277 5657
8278 560
8279 2295
8280 5082
8281 7531
8282 6031
8283 6120
8284 8451
8285 3637
8286 6436
8287 1707
8288 8289
8289 8288
8290 3631
8291 2267
8292 1890
8293 6343
8294 4042
8295 9266
8296 7817
8297 7818
8298 7819
8299 7820
8300 7821
8301 407
8302 420
8303 8950
8304 7071
8305 6371
8306 1890
8307 2275
8308 2060
8309 789
8310 5238
8311 6794
8312 1956
8313 220
8314 3147
8315 9263
8316 3517
8317 8318
8318 8317
8319 7029
8320 7975
8321 3800
8322 2892
8323 6229
8324 2260
8325 1016
8326 3452
8327 4763
8328 3959
8329 299
8330 8734
8331 2170
8332 4231
8333 1169
8334 1979
8335 2179
8336 3444
8337 3701
8338 3805
8339 4527
8340 1501
8341 7323
8342 1137
8343 8024
8344 2732
8345 2936
8346 8348
8347 2549
8348 6328
8349 5606
8350 600
8351 3643
8352 5193
8353 4742
8354 3524
8355 280
8356 8323
8357 6112
8358 8971
8359 2315
8360 4438
8361 1032
8362 7288
8363 7309
8364 6196
8365 8367
8366 5320
8367 8365
8368 2159
8369 1976
8370 7921
8371 232
8372 7361
8373 7360
8374 5364
8375 7138
8376 1910
8377 5421
8378 8693
8379 1300
8380 5507
8381 6401
8382 1527
8383 5814
8384 3366
8385 5974
8386 7783
8387 8275
8388 7167
8389 5630
8390 84
8391 1031
8392 1597
8393 5901
8394 7701
8395 6975
8396 8398
8397 2420
8398 8396
8399 715
8400 2441
8401 8417
8402 793
8403 4682
8404 886
8405 5572
8406 9036
8407 7744
8408 5861
8409 6871
8410 8584
8411 2616
8412 174
8413 8562
8414 5981
8415 375
8416 7843
8417 8219
8418 4719
8419 888
8420 2449
8421 6374
8422 4063
8423 8818
8424 1516
8425 9031
8426 3947
8427 2612
8428 3332
8429 8705
8430 1503
8431 3850
8432 338
8433 2305
8434 1071
8435 789
8436 4561
8437 1673
8438 7373
8439 8441
8440 6652
8441 8439
8442 2495
8443 2474
8444 7966
8445 8378
8446 5875
8447 3591
8448 1337
8449 1994
8450 825
8451 1731
8452 1789
8453 1706
8454 6614
8455 6672
8456 7202
8457 7821
8458 100
8459 5034
8460 1618
8461 1904
8462 4170
8463 5888
8464 8076
8465 1369
8466 1483
8467 8712
8468 6693
8469 3334
8470 1020
8471 1472
8472 262
8473 1385
8474 4232
8475 7960
8476 5978
8477 6159
8478 1704
8479 5460
8480 8108
8481 5244
8482 2118
8483 4025
8484 8123
8485 1981
8486 9087
8487 6498
8488 7550
8489 15
8490 1003
8491 3892
8492 7429
8493 51
8494 7719
8495 6008
8496 519
8497 7596
8498 8051
8499 2932
8500 1925
8501 6128
8502 7551
8503 4937
8504 1990
8505 2573
8506 204
8507 3748
8508 5450
8509 7163
8510 7333
8511 8145
8512 6957
8513 8774
8514 1400
8515 1403
8516 8774
8517 4784
8518 3787
8519 5723
8520 5279
8521 3565
8522 6848
8523 3564
8524 4498
8525 772
8526 1996
8527 330
8528 8681
8529 3172
8530 2509
8531 1039
8532 2748
8533 7359
8534 6
8535 433
8536 3628
8537 5594
8538 7835
8539 7732
8540 8765
8541 6660
8542 3989
8543 5525
8544 9080
8545 3482
8546 5349
8547 3134
8548 5355
8549 2625
8550 2227
8551 39
8552 5341
8553 8034
8554 2284
8555 1806
8556 4503
8557 3404
8558 1534
8559 3829
8560 13
8561 5551
8562 146
8563 7732
8564 8841
8565 2218
8566 4473
8567 2540
8568 4473
8569 5930
8570 1887
8571 8038
8572 2797
8573 8814
8574 3018
8575 3211
8576 2956
8577 6505
8578 482
8579 741
8580 4145
8581 2933
8582 4700
8583 641
8584 2162
8585 31
8586 1132
8587 615
8588 1276
8589 8692
8590 641
8591 3342
8592 6662
8593 6460
8594 6676
8595 7914
8596 3985
8597 5591
8598 8241
8599 8018
8600 5061
8601 5973
8602 5745
8603 6244
8604 5889
8605 800
8606 5284
8607 3816
8608 1382
8609 9227
8610 8611
8611 8610
8612 3441
8613 8783
8614 5989
8615 6600
8616 8712
8617 5244
8618 6045
8619 5752
8620 9260
8621 8589
8622 7712
8623 8716
8624 8223
8625 1092
8626 2759
8627 7137
8628 6097
8629 9188
8630 1289
8631 5759
8632 3636
8633 9005
8634 2
8635 212
8636 8242
8637 2988
8638 2878
8639 1397
8640 8838
8641 4231
8642 7461
8643 1070
8644 240
8645 9097
8646 8918
8647 9001
8648 646
8649 570
8650 1419
8651 8294
8652 5187
8653 1377
8654 8279
8655 7357
8656 5063
8657 7178
8658 6147
8659 6065
8660 1993
8661 5063
8662 2975
8663 2080
8664 3925
8665 2713
8666 1461
8667 1156
8668 143
8669 6112
8670 5061
8671 4214
8672 6620
8673 1844
8674 2896
8675 6542
8676 3056
8677 7400
8678 5665
8679 2640
8680 1047
8681 8683
8682 9224
8683 8681
8684 5878
8685 6405
8686 3120
8687 6134
8688 3044
8689 4162
8690 6676
8691 7872
8692 5490
8693 5638
8694 6659
8695 3087
8696 6311
8697 332
8698 7902
8699 2419
8700 5296
8701 6838
8702 3976
8703 1003
8704 6879
8705 6385
8706 5997
8707 8026
8708 5968
8709 2706
8710 2916
8711 369
8712 7426
8713 8254
8714 7749
8715 6129
8716 8623
8717 1721
8718 7567
8719 2540
8720 712
8721 6936
8722 1923
8723 7071
8724 4903
8725 1444
8726 4730
8727 8725
8728 6084
8729 2712
8730 815
8731 5370
8732 2423
8733 7402
8734 8330
8735 2847
8736 9012
8737 2050
8738 4974
8739 1466
8740 8900
8741 1223
8742 5352
8743 4458
8744 4347
8745 1126
8746 7060
8747 8460
8748 8900
8749 3973
8750 6844
8751 8683
8752 8581
8753 7893
8754 8228
8755 4850
8756 4225
8757 7891
8758 7891
8759 3112
8760 8043
8761 2250
8762 1093
8763 7505
8764 3612
8765 8540
8766 7033
8767 4941
8768 9217
8769 8770
8770 8133
8771 1792
8772 1915
8773 7255
8774 8513
8775 4231
8776 4334
8777 5504
8778 6592
8779 2848
8780 6022
8781 7374
8782 6967
8783 2951
8784 2830
8785 523
8786 887
8787 4763
8788 5488
8789 1057
8790 3373
8791 6461
8792 6197
8793 2758
8794 354
8795 6138
8796 8950
8797 2962
8798 1512
8799 5672
8800 5734
8801 50
8802 767
8803 6341
8804 1211
8805 1968
8806 2825
8807 7280
8808 6298
8809 7169
8810 1504
8811 4180
8812 5775
8813 7693
8814 237
8815 5487
8816 1034
8817 589
8818 3510
8819 2670
8820 1608
8821 7004
8822 8924
8823 3493
8824 5247
8825 2711
8826 1512
8827 7504
8828 943
8829 6580
8830 364
8831 8730
8832 1896
8833 9007
8834 3453
8835 2588
8836 1069
8837 2587
8838 8640
8839 270
8840 1297
8841 2501
8842 3111
8843 6076
8844 2129
8845 4618
8846 4826
8847 913
8848 4103
8849 1897
8850 2076
8851 3574
8852 5925
8853 5944
8854 7960
8855 1255
8856 6335
8857 6748
8858 4985
8859 7711
8860 6790
8861 2758
8862 1597
8863 4469
8864 4756
8865 6137
8866 2298
8867 7420
8868 1245
8869 8734
8870 625
8871 2236
8872 543
8873 6581
8874 4923
8875 5029
8876 5338
8877 414
8878 718
8879 7108
8880 1469
8881 7563
8882 5356
8883 90
8884 7521
8885 6680
8886 7618
8887 4363
8888 6967
8889 5046
8890 1115
8891 872
8892 8682
8893 1003
8894 8121
8895 3175
8896 7390
8897 2380
8898 1740
8899 6913
8900 360
8901 9129
8902 5034
8903 3877
8904 539
8905 3487
8906 6620
8907 3977
8908 1498
8909 49
8910 998
8911 5113
8912 926
8913 6123
8914 1525
8915 649
8916 3014
8917 1945
8918 5661
8919 6745
8920 630
8921 9175
8922 7964
8923 2692
8924 6792
8925 2463
8926 7220
8927 8769
8928 2703
8929 8059
8930 1610
8931 3011
8932 829
8933 4862
8934 2400
8935 4050
8936 8937
8937 8936
8938 5853
8939 882
8940 9244
8941 974
8942 9170
8943 3107
8944 2048
8945 7662
8946 5071
8947 1
8948 8949
8949 5614
8950 8303
8951 1917
8952 9264
8953 7179
8954 3034
8955 8301
8956 3133
8957 5506
8958 1052
8959 3459
8960 7890
8961 2441
8962 280
8963 1136
8964 602
8965 191
8966 8083
8967 5148
8968 7912
8969 3604
8970 4668
8971 2304
8972 9042
8973 1417
8974 2987
8975 4512
8976 4628
8977 4939
8978 1756
8979 4373
8980 6811
8981 558
8982 2138
8983 4200
8984 2686
8985 3649
8986 1965
8987 5361
8988 181
8989 6108
8990 2368
8991 6625
8992 5103
8993 8997
8994 2580
8995 2245
8996 6392
8997 8993
8998 5777
8999 5670
9000 4541
9001 3599
9002 3866
9003 4262
9004 329
9005 8633
9006 1109
9007 8131
9008 3191
9009 1386
9010 7515
9011 4466
9012 8736
9013 8382
9014 3920
9015 1302
9016 370
9017 5972
9018 8727
9019 5048
9020 1429
9021 7196
9022 4652
9023 6895
9024 123
9025 7284
9026 1579
9027 5320
9028 9032
9029 2011
9030 4494
9031 7253
9032 7794
9033 4642
9034 7044
9035 7634
9036 4010
9037 2115
9038 2265
9039 2366
9040 5520
9041 326
9042 4482
9043 2315
9044 4201
9045 1484
9046 2127
9047 1245
9048 632
9049 5284
9050 4609
9051 7969
9052 1640
9053 1828
9054 480
9055 2047
9056 4447
9057 1288
9058 664
9059 4614
9060 6594
9061 4233
9062 3560
9063 6731
9064 6881
9065 3142
9066 608
9067 4211
9068 398
9069 9071
9070 7360
9071 9031
9072 5499
9073 6480
9074 8508
9075 5057
9076 7278
9077 2676
9078 7440
9079 6919
9080 8417
9081 7695
9082 6041
9083 1000
9084 4934
9085 2368
9086 2011
9087 3198
9088 3514
9089 5706
9090 7738
9091 261
9092 1200
9093 4142
9094 1815
9095 7004
9096 4054
9097 5836
9098 1003
9099 7170
9100 5221
9101 6506
9102 873
9103 3072
9104 1237
9105 3037
9106 347
9107 3915
9108 8971
9109 5908
9110 8159
9111 4788
9112 993
9113 3083
9114 2573
9115 9229
9116 2651
9117 1795
9118 5714
9119 3558
9120 3325
9121 7791
9122 4282
9123 3045
9124 2573
9125 6239
9126 4077
9127 3226
9128 7259
9129 7653
9130 7336
9131 9129
9132 969
9133 5050
9134 8940
9135 9270
9136 9227
9137 7076
9138 6949
9139 3795
9140 3261
9141 8563
9142 1867
9143 9144
9144 5360
9145 200
9146 2309
9147 4201
9148 9149
9149 9148
9150 2420
9151 1190
9152 5071
9153 2177
9154 6106
9155 8562
9156 1461
9157 3479
9158 1492
9159 293
9160 7342
9161 8933
9162 7169
9163 7899
9164 3684
9165 8901
9166 7478
9167 2966
9168 3983
9169 3398
9170 1083
9171 4087
9172 4229
9173 4888
9174 6842
9175 2139
9176 520
9177 1219
9178 6460
9179 8396
9180 3192
9181 2203
9182 1957
9183 248
9184 4657
9185 1566
9186 1927
9187 8578
9188 1647
9189 7044
9190 2793
9191 1649
9192 3456
9193 2366
9194 5622
9195 3476
9196 5759
9197 6046
9198 2648
9199 6792
9200 4109
9201 3990
9202 3340
9203 7095
9204 2389
9205 328
9206 6182
9207 4920
9208 750
9209 5158
9210 5362
9211 9210
9212 7471
9213 371
9214 3177
9215 4165
9216 5209
9217 6271
9218 5065
9219 9264
9220 3655
9221 2195
9222 2134
9223 2889
9224 8749
9225 6764
9226 5119
9227 6507
9228 6381
9229 2101
9230 7170
9231 1657
9232 3441
9233 9234
9234 7530
9235 7447
9236 4572
9237 7875
9238 6293
9239 197
9240 8327
9241 6
9242 6767
9243 1471
9244 4445
9245 3478
9246 2376
9247 8129
9248 3036
9249 4670
9250 1484
9251 1865
9252 7493
9253 744
9254 39
9255 1665
9256 7492
9257 561
9258 7164
9259 4439
9260 8692
9261 172
9262 6286
9263 2408
9264 9219
9265 6685
9266 3555
9267 2180
9268 4927
9269 3147
9270 5569
9271 1175
9272 8872
9273 8783
9274 4920
9275 1957
9276 958
9277 6718
9278 8736
9279 4886
9280 1585
9281 7274
9282 1359
9283 5978
9284 7216
9285 7217
9286 8030
9287 2745
9288 1525
9289 4087
9290 8254
9291 9181
9292 4831
9293 5396
9294 2657
9295 8498
9296 333
9297 7579
